1	100001
100001	200001
200001	300001
300001	400001
400001	500001
500001	600001
600001	700001
700001	800001
800001	900001
900001	1000001
1000001	1100001
1100001	1200001
1200001	1300001
1300001	1400001
1400001	1500001
1500001	1600001
1600001	1700001
1700001	1800001
1800001	1900001
1900001	2000001
2000001	2100001
2100001	2200001
2200001	2300001
2300001	2400001
2400001	2500001
2500001	2600001
2600001	2700001
2700001	2800001
2800001	2900001
2900001	3000001
3000001	3100001
3100001	3200001
3200001	3300001
3300001	3400001
3400001	3500001
3500001	3600001
3600001	3700001
3700001	3800001
3800001	3900001
3900001	4000001
4000001	4100001
4100001	4200001
4200001	4300001
4300001	4400001
4400001	4500001
4500001	4600001
4600001	4700001
4700001	4800001
4800001	4900001
4900001	5000001
5000001	5100001
5100001	5200001
5200001	5300001
5300001	5400001
5400001	5500001
5500001	5600001
5600001	5700001
5700001	5800001
5800001	5900001
5900001	6000001
6000001	6100001
6100001	6200001
6200001	6300001
6300001	6400001
6400001	6500001
6500001	6600001
6600001	6700001
6700001	6800001
6800001	6900001
6900001	7000001
7000001	7100001
7100001	7200001
7200001	7300001
7300001	7400001
7400001	7500001
7500001	7600001
7600001	7700001
7700001	7800001
7800001	7900001
7900001	8000001
8000001	8100001
8100001	8200001
8200001	8300001
8300001	8400001
8400001	8500001
8500001	8600001
8600001	8700001
8700001	8800001
8800001	8900001
8900001	9000001
9000001	9100001
9100001	9200001
9200001	9300001
9300001	9400001
9400001	9500001
9500001	9600001
9600001	9700001
9700001	9800001
9800001	9900001
9900001	10000001
10000001	10100001
10100001	10200001
10200001	10300001
10300001	10400001
10400001	10500001
10500001	10600001
10600001	10700001
10700001	10800001
10800001	10900001
10900001	11000001
11000001	11100001
11100001	11200001
11200001	11300001
11300001	11400001
11400001	11500001
11500001	11600001
11600001	11700001
11700001	11800001
11800001	11900001
11900001	12000001
12000001	12100001
12100001	12200001
12200001	12300001
12300001	12400001
12400001	12500001
12500001	12600001
12600001	12700001
12700001	12800001
12800001	12900001
12900001	13000001
13000001	13100001
13100001	13200001
13200001	13300001
13300001	13400001
13400001	13500001
13500001	13600001
13600001	13700001
13700001	13800001
13800001	13900001
13900001	14000001
14000001	14100001
14100001	14200001
14200001	14300001
14300001	14400001
14400001	14500001
14500001	14600001
14600001	14700001
14700001	14800001
14800001	14900001
14900001	15000001
15000001	15100001
15100001	15200001
15200001	15300001
15300001	15400001
15400001	15500001
15500001	15600001
15600001	15700001
15700001	15800001
15800001	15900001
15900001	16000001
16000001	16100001
16100001	16200001
16200001	16300001
16300001	16400001
16400001	16500001
16500001	16600001
16600001	16700001
16700001	16800001
16800001	16900001
16900001	17000001
17000001	17100001
17100001	17200001
17200001	17300001
17300001	17400001
17400001	17500001
17500001	17600001
17600001	17700001
17700001	17800001
17800001	17900001
17900001	18000001
18000001	18100001
18100001	18200001
18200001	18300001
18300001	18400001
18400001	18500001
18500001	18600001
18600001	18700001
18700001	18800001
18800001	18900001
18900001	19000001
19000001	19100001
19100001	19200001
19200001	19300001
19300001	19400001
19400001	19500001
19500001	19600001
19600001	19700001
19700001	19800001
19800001	19900001
19900001	20000001
20000001	20100001
20100001	20200001
20200001	20300001
20300001	20400001
20400001	20500001
20500001	20600001
20600001	20700001
20700001	20800001
20800001	20900001
20900001	21000001
21000001	21100001
21100001	21200001
21200001	21300001
21300001	21400001
21400001	21500001
21500001	21600001
21600001	21700001
21700001	21800001
21800001	21900001
21900001	22000001
22000001	22100001
22100001	22200001
22200001	22300001
22300001	22400001
22400001	22500001
22500001	22600001
22600001	22700001
22700001	22800001
22800001	22900001
22900001	23000001
23000001	23100001
23100001	23200001
23200001	23300001
23300001	23400001
23400001	23500001
23500001	23600001
23600001	23700001
23700001	23800001
23800001	23900001
23900001	24000001
24000001	24100001
24100001	24200001
24200001	24300001
24300001	24400001
24400001	24500001
24500001	24600001
24600001	24700001
24700001	24800001
24800001	24900001
24900001	25000001
25000001	25100001
25100001	25200001
25200001	25300001
25300001	25400001
25400001	25500001
25500001	25600001
25600001	25700001
25700001	25800001
25800001	25900001
25900001	26000001
26000001	26100001
26100001	26200001
26200001	26300001
26300001	26400001
26400001	26500001
26500001	26600001
26600001	26700001
26700001	26800001
26800001	26900001
26900001	27000001
27000001	27100001
27100001	27200001
27200001	27300001
27300001	27400001
27400001	27500001
27500001	27600001
27600001	27700001
27700001	27800001
27800001	27900001
27900001	28000001
28000001	28100001
28100001	28200001
28200001	28300001
28300001	28400001
28400001	28500001
28500001	28600001
28600001	28700001
28700001	28800001
28800001	28900001
28900001	29000001
29000001	29100001
29100001	29200001
29200001	29300001
29300001	29400001
29400001	29500001
29500001	29600001
29600001	29700001
29700001	29800001
29800001	29900001
29900001	30000001
30000001	30100001
30100001	30200001
30200001	30300001
30300001	30400001
30400001	30500001
30500001	30600001
30600001	30700001
30700001	30800001
30800001	30900001
30900001	31000001
31000001	31100001
31100001	31200001
31200001	31300001
31300001	31400001
31400001	31500001
31500001	31600001
31600001	31700001
31700001	31800001
31800001	31900001
31900001	32000001
32000001	32100001
32100001	32200001
32200001	32300001
32300001	32400001
32400001	32500001
32500001	32600001
32600001	32700001
32700001	32800001
32800001	32900001
32900001	33000001
33000001	33100001
33100001	33200001
33200001	33300001
33300001	33400001
33400001	33500001
33500001	33600001
33600001	33700001
33700001	33800001
33800001	33900001
33900001	34000001
34000001	34100001
34100001	34200001
34200001	34300001
34300001	34400001
34400001	34500001
34500001	34600001
34600001	34700001
34700001	34800001
34800001	34900001
34900001	35000001
35000001	35100001
35100001	35200001
35200001	35300001
35300001	35400001
35400001	35500001
35500001	35600001
35600001	35700001
35700001	35800001
35800001	35900001
35900001	36000001
36000001	36100001
36100001	36200001
36200001	36300001
36300001	36400001
36400001	36500001
36500001	36600001
36600001	36700001
36700001	36800001
36800001	36900001
36900001	37000001
37000001	37100001
37100001	37200001
37200001	37300001
37300001	37400001
37400001	37500001
37500001	37600001
37600001	37700001
37700001	37800001
37800001	37900001
37900001	38000001
38000001	38100001
38100001	38200001
38200001	38300001
38300001	38400001
38400001	38500001
38500001	38600001
38600001	38700001
38700001	38800001
38800001	38900001
38900001	39000001
39000001	39100001
39100001	39200001
39200001	39300001
39300001	39400001
39400001	39500001
39500001	39600001
39600001	39700001
39700001	39800001
39800001	39900001
39900001	40000001
40000001	40100001
40100001	40200001
40200001	40300001
40300001	40400001
40400001	40500001
40500001	40600001
40600001	40700001
40700001	40800001
40800001	40900001
40900001	41000001
41000001	41100001
41100001	41200001
41200001	41300001
41300001	41400001
41400001	41500001
41500001	41600001
41600001	41700001
41700001	41800001
41800001	41900001
41900001	42000001
42000001	42100001
42100001	42200001
42200001	42300001
42300001	42400001
42400001	42500001
42500001	42600001
42600001	42700001
42700001	42800001
42800001	42900001
42900001	43000001
43000001	43100001
43100001	43200001
43200001	43300001
43300001	43400001
43400001	43500001
43500001	43600001
43600001	43700001
43700001	43800001
43800001	43900001
43900001	44000001
44000001	44100001
44100001	44200001
44200001	44300001
44300001	44400001
44400001	44500001
44500001	44600001
44600001	44700001
44700001	44800001
44800001	44900001
44900001	45000001
45000001	45100001
45100001	45200001
45200001	45300001
45300001	45400001
45400001	45500001
45500001	45600001
45600001	45700001
45700001	45800001
45800001	45900001
45900001	46000001
46000001	46100001
46100001	46200001
46200001	46300001
46300001	46400001
46400001	46500001
46500001	46600001
46600001	46700001
46700001	46800001
46800001	46900001
46900001	47000001
47000001	47100001
47100001	47200001
47200001	47300001
47300001	47400001
47400001	47500001
47500001	47600001
47600001	47700001
47700001	47800001
47800001	47900001
47900001	48000001
48000001	48100001
48100001	48200001
48200001	48300001
48300001	48400001
48400001	48500001
48500001	48600001
48600001	48700001
48700001	48800001
48800001	48900001
48900001	49000001
49000001	49100001
49100001	49200001
49200001	49300001
49300001	49400001
49400001	49500001
49500001	49600001
49600001	49700001
49700001	49800001
49800001	49900001
49900001	50000001
50000001	50100001
50100001	50200001
50200001	50300001
50300001	50400001
50400001	50500001
50500001	50600001
50600001	50700001
50700001	50800001
50800001	50900001
50900001	51000001
51000001	51100001
51100001	51200001
51200001	51300001
51300001	51400001
51400001	51500001
51500001	51600001
51600001	51700001
51700001	51800001
51800001	51900001
51900001	52000001
52000001	52100001
52100001	52200001
52200001	52300001
52300001	52400001
52400001	52500001
52500001	52600001
52600001	52700001
52700001	52800001
52800001	52900001
52900001	53000001
53000001	53100001
53100001	53200001
53200001	53300001
53300001	53400001
53400001	53500001
53500001	53600001
53600001	53700001
53700001	53800001
53800001	53900001
53900001	54000001
54000001	54100001
54100001	54200001
54200001	54300001
54300001	54400001
54400001	54500001
54500001	54600001
54600001	54700001
54700001	54800001
54800001	54900001
54900001	55000001
55000001	55100001
55100001	55200001
55200001	55300001
55300001	55400001
55400001	55500001
55500001	55600001
55600001	55700001
55700001	55800001
55800001	55900001
55900001	56000001
56000001	56100001
56100001	56200001
56200001	56300001
56300001	56400001
56400001	56500001
56500001	56600001
56600001	56700001
56700001	56800001
56800001	56900001
56900001	57000001
57000001	57100001
57100001	57200001
57200001	57300001
57300001	57400001
57400001	57500001
57500001	57600001
57600001	57700001
57700001	57800001
57800001	57900001
57900001	58000001
58000001	58100001
58100001	58200001
58200001	58300001
58300001	58400001
58400001	58500001
58500001	58600001
58600001	58700001
58700001	58800001
58800001	58900001
58900001	59000001
59000001	59100001
59100001	59200001
59200001	59300001
59300001	59400001
59400001	59500001
59500001	59600001
59600001	59700001
59700001	59800001
59800001	59900001
59900001	60000001
60000001	60100001
60100001	60200001
60200001	60300001
60300001	60400001
60400001	60500001
60500001	60600001
60600001	60700001
60700001	60800001
60800001	60900001
60900001	61000001
61000001	61100001
61100001	61200001
61200001	61300001
61300001	61400001
61400001	61500001
61500001	61600001
61600001	61700001
61700001	61800001
61800001	61900001
61900001	62000001
62000001	62100001
62100001	62200001
62200001	62300001
62300001	62400001
62400001	62500001
62500001	62600001
62600001	62700001
62700001	62800001
62800001	62900001
62900001	63000001
63000001	63100001
63100001	63200001
63200001	63300001
63300001	63400001
63400001	63500001
63500001	63600001
63600001	63700001
63700001	63800001
63800001	63900001
63900001	64000001
64000001	64100001
64100001	64200001
64200001	64300001
64300001	64400001
64400001	64500001
64500001	64600001
64600001	64700001
64700001	64800001
64800001	64900001
64900001	65000001
65000001	65100001
65100001	65200001
65200001	65300001
65300001	65400001
65400001	65500001
65500001	65600001
65600001	65700001
65700001	65800001
65800001	65900001
65900001	66000001
66000001	66100001
66100001	66200001
66200001	66300001
66300001	66400001
66400001	66500001
66500001	66600001
66600001	66700001
66700001	66800001
66800001	66900001
66900001	67000001
67000001	67100001
67100001	67200001
67200001	67300001
67300001	67400001
67400001	67500001
67500001	67600001
67600001	67700001
67700001	67800001
67800001	67900001
67900001	68000001
68000001	68100001
68100001	68200001
68200001	68300001
68300001	68400001
68400001	68500001
68500001	68600001
68600001	68700001
68700001	68800001
68800001	68900001
68900001	69000001
69000001	69100001
69100001	69200001
69200001	69300001
69300001	69400001
69400001	69500001
69500001	69600001
69600001	69700001
69700001	69800001
69800001	69900001
69900001	70000001
70000001	70100001
70100001	70200001
70200001	70300001
70300001	70400001
70400001	70500001
70500001	70600001
70600001	70700001
70700001	70800001
70800001	70900001
70900001	71000001
71000001	71100001
71100001	71200001
71200001	71300001
71300001	71400001
71400001	71500001
71500001	71600001
71600001	71700001
71700001	71800001
71800001	71900001
71900001	72000001
72000001	72100001
72100001	72200001
72200001	72300001
72300001	72400001
72400001	72500001
72500001	72600001
72600001	72700001
72700001	72800001
72800001	72900001
72900001	73000001
73000001	73100001
73100001	73200001
73200001	73300001
73300001	73400001
73400001	73500001
73500001	73600001
73600001	73700001
73700001	73800001
73800001	73900001
73900001	74000001
74000001	74100001
74100001	74200001
74200001	74300001
74300001	74400001
74400001	74500001
74500001	74600001
74600001	74700001
74700001	74800001
74800001	74900001
74900001	75000001
75000001	75100001
75100001	75200001
75200001	75300001
75300001	75400001
75400001	75500001
75500001	75600001
75600001	75700001
75700001	75800001
75800001	75900001
75900001	76000001
76000001	76100001
76100001	76200001
76200001	76300001
76300001	76400001
76400001	76500001
76500001	76600001
76600001	76700001
76700001	76800001
76800001	76900001
76900001	77000001
77000001	77100001
77100001	77200001
77200001	77300001
77300001	77400001
77400001	77500001
77500001	77600001
77600001	77700001
77700001	77800001
77800001	77900001
77900001	78000001
78000001	78100001
78100001	78200001
78200001	78300001
78300001	78400001
78400001	78500001
78500001	78600001
78600001	78700001
78700001	78800001
78800001	78900001
78900001	79000001
79000001	79100001
79100001	79200001
79200001	79300001
79300001	79400001
79400001	79500001
79500001	79600001
79600001	79700001
79700001	79800001
79800001	79900001
79900001	80000001
80000001	80100001
80100001	80200001
80200001	80300001
80300001	80400001
80400001	80500001
80500001	80600001
80600001	80700001
80700001	80800001
80800001	80900001
80900001	81000001
81000001	81100001
81100001	81200001
81200001	81300001
81300001	81400001
81400001	81500001
81500001	81600001
81600001	81700001
81700001	81800001
81800001	81900001
81900001	82000001
82000001	82100001
82100001	82200001
82200001	82300001
82300001	82400001
82400001	82500001
82500001	82600001
82600001	82700001
82700001	82800001
82800001	82900001
82900001	83000001
83000001	83100001
83100001	83200001
83200001	83300001
83300001	83400001
83400001	83500001
83500001	83600001
83600001	83700001
83700001	83800001
83800001	83900001
83900001	84000001
84000001	84100001
84100001	84200001
84200001	84300001
84300001	84400001
84400001	84500001
84500001	84600001
84600001	84700001
84700001	84800001
84800001	84900001
84900001	85000001
85000001	85100001
85100001	85200001
85200001	85300001
85300001	85400001
85400001	85500001
85500001	85600001
85600001	85700001
85700001	85800001
85800001	85900001
85900001	86000001
86000001	86100001
86100001	86200001
86200001	86300001
86300001	86400001
86400001	86500001
86500001	86600001
86600001	86700001
86700001	86800001
86800001	86900001
86900001	87000001
87000001	87100001
87100001	87200001
87200001	87300001
87300001	87400001
87400001	87500001
87500001	87600001
87600001	87700001
87700001	87800001
87800001	87900001
87900001	88000001
88000001	88100001
88100001	88200001
88200001	88300001
88300001	88400001
88400001	88500001
88500001	88600001
88600001	88700001
88700001	88800001
88800001	88900001
88900001	89000001
89000001	89100001
89100001	89200001
89200001	89300001
89300001	89400001
89400001	89500001
89500001	89600001
89600001	89700001
89700001	89800001
89800001	89900001
89900001	90000001
90000001	90100001
90100001	90200001
90200001	90300001
90300001	90400001
90400001	90500001
90500001	90600001
90600001	90700001
90700001	90800001
90800001	90900001
90900001	91000001
91000001	91100001
91100001	91200001
91200001	91300001
91300001	91400001
91400001	91500001
91500001	91600001
91600001	91700001
91700001	91800001
91800001	91900001
91900001	92000001
92000001	92100001
92100001	92200001
92200001	92300001
92300001	92400001
92400001	92500001
92500001	92600001
92600001	92700001
92700001	92800001
92800001	92900001
92900001	93000001
93000001	93100001
93100001	93200001
93200001	93300001
93300001	93400001
93400001	93500001
93500001	93600001
93600001	93700001
93700001	93800001
93800001	93900001
93900001	94000001
94000001	94100001
94100001	94200001
94200001	94300001
94300001	94400001
94400001	94500001
94500001	94600001
94600001	94700001
94700001	94800001
94800001	94900001
94900001	95000001
95000001	95100001
95100001	95200001
95200001	95300001
95300001	95400001
95400001	95500001
95500001	95600001
95600001	95700001
95700001	95800001
95800001	95900001
95900001	96000001
96000001	96100001
96100001	96200001
96200001	96300001
96300001	96400001
96400001	96500001
96500001	96600001
96600001	96700001
96700001	96800001
96800001	96900001
96900001	97000001
97000001	97100001
97100001	97200001
97200001	97300001
97300001	97400001
97400001	97500001
97500001	97600001
97600001	97700001
97700001	97800001
97800001	97900001
97900001	98000001
98000001	98100001
98100001	98200001
98200001	98300001
98300001	98400001
98400001	98500001
98500001	98600001
98600001	98700001
98700001	98800001
98800001	98900001
98900001	99000001
99000001	99100001
99100001	99200001
99200001	99300001
99300001	99400001
99400001	99500001
99500001	99600001
99600001	99700001
99700001	99800001
99800001	99900001
99900001	100000001
100000001	100100001
100100001	100200001
100200001	100300001
100300001	100400001
100400001	100500001
100500001	100600001
100600001	100700001
100700001	100800001
100800001	100900001
100900001	101000001
101000001	101100001
101100001	101200001
101200001	101300001
101300001	101400001
101400001	101500001
101500001	101600001
101600001	101700001
101700001	101800001
101800001	101900001
101900001	102000001
102000001	102100001
102100001	102200001
102200001	102300001
102300001	102400001
102400001	102500001
102500001	102600001
102600001	102700001
102700001	102800001
102800001	102900001
102900001	103000001
103000001	103100001
103100001	103200001
103200001	103300001
103300001	103400001
103400001	103500001
103500001	103600001
103600001	103700001
103700001	103800001
103800001	103900001
103900001	104000001
104000001	104100001
104100001	104200001
104200001	104300001
104300001	104400001
104400001	104500001
104500001	104600001
104600001	104700001
104700001	104800001
104800001	104900001
104900001	105000001
105000001	105100001
105100001	105200001
105200001	105300001
105300001	105400001
105400001	105500001
105500001	105600001
105600001	105700001
105700001	105800001
105800001	105900001
105900001	106000001
106000001	106100001
106100001	106200001
106200001	106300001
106300001	106400001
106400001	106500001
106500001	106600001
106600001	106700001
106700001	106800001
106800001	106900001
106900001	107000001
107000001	107100001
107100001	107200001
107200001	107300001
107300001	107400001
107400001	107500001
107500001	107600001
107600001	107700001
107700001	107800001
107800001	107900001
107900001	108000001
108000001	108100001
108100001	108200001
108200001	108300001
108300001	108400001
108400001	108500001
108500001	108600001
108600001	108700001
108700001	108800001
108800001	108900001
108900001	109000001
109000001	109100001
109100001	109200001
109200001	109300001
109300001	109400001
109400001	109500001
109500001	109600001
109600001	109700001
109700001	109800001
109800001	109900001
109900001	110000001
110000001	110100001
110100001	110200001
110200001	110300001
110300001	110400001
110400001	110500001
110500001	110600001
110600001	110700001
110700001	110800001
110800001	110900001
110900001	111000001
111000001	111100001
111100001	111200001
111200001	111300001
111300001	111400001
111400001	111500001
111500001	111600001
111600001	111700001
111700001	111800001
111800001	111900001
111900001	112000001
112000001	112100001
112100001	112200001
112200001	112300001
112300001	112400001
112400001	112500001
112500001	112600001
112600001	112700001
112700001	112800001
112800001	112900001
112900001	113000001
113000001	113100001
113100001	113200001
113200001	113300001
113300001	113400001
113400001	113500001
113500001	113600001
113600001	113700001
113700001	113800001
113800001	113900001
113900001	114000001
114000001	114100001
114100001	114200001
114200001	114300001
114300001	114400001
114400001	114500001
114500001	114600001
114600001	114700001
114700001	114800001
114800001	114900001
114900001	115000001
115000001	115100001
115100001	115200001
115200001	115300001
115300001	115400001
115400001	115500001
115500001	115600001
115600001	115700001
115700001	115800001
115800001	115900001
115900001	116000001
116000001	116100001
116100001	116200001
116200001	116300001
116300001	116400001
116400001	116500001
116500001	116600001
116600001	116700001
116700001	116800001
116800001	116900001
116900001	117000001
117000001	117100001
117100001	117200001
117200001	117300001
117300001	117400001
117400001	117500001
117500001	117600001
117600001	117700001
117700001	117800001
117800001	117900001
117900001	118000001
118000001	118100001
118100001	118200001
118200001	118300001
118300001	118400001
118400001	118500001
118500001	118600001
118600001	118700001
118700001	118800001
118800001	118900001
118900001	119000001
119000001	119100001
119100001	119200001
119200001	119300001
119300001	119400001
119400001	119500001
119500001	119600001
119600001	119700001
119700001	119800001
119800001	119900001
119900001	120000001
120000001	120100001
120100001	120200001
120200001	120300001
120300001	120400001
120400001	120500001
120500001	120600001
120600001	120700001
120700001	120800001
120800001	120900001
120900001	121000001
121000001	121100001
121100001	121200001
121200001	121300001
121300001	121400001
121400001	121500001
121500001	121600001
121600001	121700001
121700001	121800001
121800001	121900001
121900001	122000001
122000001	122100001
122100001	122200001
122200001	122300001
122300001	122400001
122400001	122500001
122500001	122600001
122600001	122700001
122700001	122800001
122800001	122900001
122900001	123000001
123000001	123100001
123100001	123200001
123200001	123300001
123300001	123400001
123400001	123500001
123500001	123600001
123600001	123700001
123700001	123800001
123800001	123900001
123900001	124000001
124000001	124100001
124100001	124200001
124200001	124300001
124300001	124400001
124400001	124500001
124500001	124600001
124600001	124700001
124700001	124800001
124800001	124900001
124900001	125000001
125000001	125100001
125100001	125200001
125200001	125300001
125300001	125400001
125400001	125500001
125500001	125600001
125600001	125700001
125700001	125800001
125800001	125900001
125900001	126000001
126000001	126100001
126100001	126200001
126200001	126300001
126300001	126400001
126400001	126500001
126500001	126600001
126600001	126700001
126700001	126800001
126800001	126900001
126900001	127000001
127000001	127100001
127100001	127200001
127200001	127300001
127300001	127400001
127400001	127500001
127500001	127600001
127600001	127700001
127700001	127800001
127800001	127900001
127900001	128000001
128000001	128100001
128100001	128200001
128200001	128300001
128300001	128400001
128400001	128500001
128500001	128600001
128600001	128700001
128700001	128800001
128800001	128900001
128900001	129000001
129000001	129100001
129100001	129200001
129200001	129300001
129300001	129400001
129400001	129500001
129500001	129600001
129600001	129700001
129700001	129800001
129800001	129900001
129900001	130000001
130000001	130100001
130100001	130200001
130200001	130300001
130300001	130400001
130400001	130500001
130500001	130600001
130600001	130700001
130700001	130800001
130800001	130900001
130900001	131000001
131000001	131100001
131100001	131200001
131200001	131300001
131300001	131400001
131400001	131500001
131500001	131600001
131600001	131700001
131700001	131800001
131800001	131900001
131900001	132000001
132000001	132100001
132100001	132200001
132200001	132300001
132300001	132400001
132400001	132500001
132500001	132600001
132600001	132700001
132700001	132800001
132800001	132900001
132900001	133000001
133000001	133100001
133100001	133200001
133200001	133300001
133300001	133400001
133400001	133500001
133500001	133600001
133600001	133700001
133700001	133800001
133800001	133900001
133900001	134000001
134000001	134100001
134100001	134200001
134200001	134300001
134300001	134400001
134400001	134500001
134500001	134600001
134600001	134700001
134700001	134800001
134800001	134900001
134900001	135000001
135000001	135100001
135100001	135200001
135200001	135300001
135300001	135400001
135400001	135500001
135500001	135600001
135600001	135700001
135700001	135800001
135800001	135900001
135900001	136000001
136000001	136100001
136100001	136200001
136200001	136300001
136300001	136400001
136400001	136500001
136500001	136600001
136600001	136700001
136700001	136800001
136800001	136900001
136900001	137000001
137000001	137100001
137100001	137200001
137200001	137300001
137300001	137400001
137400001	137500001
137500001	137600001
137600001	137700001
137700001	137800001
137800001	137900001
137900001	138000001
138000001	138100001
138100001	138200001
138200001	138300001
138300001	138400001
138400001	138500001
138500001	138600001
138600001	138700001
138700001	138800001
138800001	138900001
138900001	139000001
139000001	139100001
139100001	139200001
139200001	139300001
139300001	139400001
139400001	139500001
139500001	139600001
139600001	139700001
139700001	139800001
139800001	139900001
139900001	140000001
140000001	140100001
140100001	140200001
140200001	140300001
140300001	140400001
140400001	140500001
140500001	140600001
140600001	140700001
140700001	140800001
140800001	140900001
140900001	141000001
141000001	141100001
141100001	141200001
141200001	141300001
141300001	141400001
141400001	141500001
141500001	141600001
141600001	141700001
141700001	141800001
141800001	141900001
141900001	142000001
142000001	142100001
142100001	142200001
142200001	142300001
142300001	142400001
142400001	142500001
142500001	142600001
142600001	142700001
142700001	142800001
142800001	142900001
142900001	143000001
143000001	143100001
143100001	143200001
143200001	143300001
143300001	143400001
143400001	143500001
143500001	143600001
143600001	143700001
143700001	143800001
143800001	143900001
143900001	144000001
144000001	144100001
144100001	144200001
144200001	144300001
144300001	144400001
144400001	144500001
144500001	144600001
144600001	144700001
144700001	144800001
144800001	144900001
144900001	145000001
145000001	145100001
145100001	145200001
145200001	145300001
145300001	145400001
145400001	145500001
145500001	145600001
145600001	145700001
145700001	145800001
145800001	145900001
145900001	146000001
146000001	146100001
146100001	146200001
146200001	146300001
146300001	146400001
146400001	146500001
146500001	146600001
146600001	146700001
146700001	146800001
146800001	146900001
146900001	147000001
147000001	147100001
147100001	147200001
147200001	147300001
147300001	147400001
147400001	147500001
147500001	147600001
147600001	147700001
147700001	147800001
147800001	147900001
147900001	148000001
148000001	148100001
148100001	148200001
148200001	148300001
148300001	148400001
148400001	148500001
148500001	148600001
148600001	148700001
148700001	148800001
148800001	148900001
148900001	149000001
149000001	149100001
149100001	149200001
149200001	149300001
149300001	149400001
149400001	149500001
149500001	149600001
149600001	149700001
149700001	149800001
149800001	149900001
149900001	150000001
150000001	150100001
150100001	150200001
150200001	150300001
150300001	150400001
150400001	150500001
150500001	150600001
150600001	150700001
150700001	150800001
150800001	150900001
150900001	151000001
151000001	151100001
151100001	151200001
151200001	151300001
151300001	151400001
151400001	151500001
151500001	151600001
151600001	151700001
151700001	151800001
151800001	151900001
151900001	152000001
152000001	152100001
152100001	152200001
152200001	152300001
152300001	152400001
152400001	152500001
152500001	152600001
152600001	152700001
152700001	152800001
152800001	152900001
152900001	153000001
153000001	153100001
153100001	153200001
153200001	153300001
153300001	153400001
153400001	153500001
153500001	153600001
153600001	153700001
153700001	153800001
153800001	153900001
153900001	154000001
154000001	154100001
154100001	154200001
154200001	154300001
154300001	154400001
154400001	154500001
154500001	154600001
154600001	154700001
154700001	154800001
154800001	154900001
154900001	155000001
155000001	155100001
155100001	155200001
155200001	155270560