1	1000001
1000001	2000001
2000001	3000001
3000001	4000001
4000001	5000001
5000001	6000001
6000001	7000001
7000001	8000001
8000001	9000001
9000001	10000001
10000001	11000001
11000001	12000001
12000001	13000001
13000001	14000001
14000001	15000001
15000001	16000001
16000001	17000001
17000001	18000001
18000001	19000001
19000001	20000001
20000001	21000001
21000001	22000001
22000001	23000001
23000001	24000001
24000001	25000001
25000001	26000001
26000001	27000001
27000001	28000001
28000001	29000001
29000001	30000001
30000001	31000001
31000001	32000001
32000001	33000001
33000001	34000001
34000001	35000001
35000001	36000001
36000001	37000001
37000001	38000001
38000001	39000001
39000001	40000001
40000001	41000001
41000001	42000001
42000001	43000001
43000001	44000001
44000001	45000001
45000001	46000001
46000001	47000001
47000001	48000001
48000001	49000001
49000001	50000001
50000001	51000001
51000001	52000001
52000001	53000001
53000001	54000001
54000001	55000001
55000001	56000001
56000001	57000001
57000001	58000001
58000001	59000001
59000001	60000001
60000001	61000001
61000001	62000001
62000001	63000001
63000001	64000001
64000001	65000001
65000001	66000001
66000001	67000001
67000001	68000001
68000001	69000001
69000001	70000001
70000001	71000001
71000001	72000001
72000001	73000001
73000001	74000001
74000001	75000001
75000001	76000001
76000001	77000001
77000001	78000001
78000001	79000001
79000001	80000001
80000001	81000001
81000001	82000001
82000001	83000001
83000001	84000001
84000001	85000001
85000001	86000001
86000001	87000001
87000001	88000001
88000001	89000001
89000001	90000001
90000001	91000001
91000001	92000001
92000001	93000001
93000001	94000001
94000001	95000001
95000001	96000001
96000001	97000001
97000001	98000001
98000001	99000001
99000001	100000001
100000001	101000001
101000001	102000001
102000001	103000001
103000001	104000001
104000001	105000001
105000001	106000001
106000001	107000001
107000001	108000001
108000001	109000001
109000001	110000001
110000001	111000001
111000001	112000001
112000001	113000001
113000001	114000001
114000001	115000001
115000001	116000001
116000001	117000001
117000001	118000001
118000001	119000001
119000001	120000001
120000001	121000001
121000001	122000001
122000001	123000001
123000001	124000001
124000001	125000001
125000001	126000001
126000001	127000001
127000001	128000001
128000001	129000001
129000001	130000001
130000001	131000001
131000001	132000001
132000001	133000001
133000001	134000001
134000001	135000001
135000001	136000001
136000001	137000001
137000001	138000001
138000001	139000001
139000001	140000001
140000001	141000001
141000001	142000001
142000001	143000001
143000001	144000001
144000001	145000001
145000001	146000001
146000001	147000001
147000001	148000001
148000001	149000001
149000001	150000001
150000001	151000001
151000001	152000001
152000001	153000001
153000001	154000001
154000001	155000001