3193855	8193855
8193855	13193855
13193855	18193855
18193855	23193855
23193855	28193855
28193855	33193855
33193855	38193855
38193855	43193855
43193855	48193855
48193855	53193855
53193855	58193855
58193855	63193855
63193855	68193855
68193855	73193855
73193855	78193855
78193855	83193855
83193855	88193855
88193855	93193855
93193855	98193855
98193855	103193855
103193855	108193855
108193855	113193855
113193855	118193855
118193855	123193855
123193855	128193855
128193855	133193855
133193855	138193855
138193855	143193855
143193855	148193855
148193855	153193855
