chrX	1	100001	0	0.0	NA
chrX	100001	200001	0	0.0	NA
chrX	200001	300001	1	0.0	0.0
chrX	300001	400001	0	0.0	NA
chrX	400001	500001	13410	1743.0	0.129977628635
chrX	500001	600001	27234	3328.0	0.122200190938
chrX	600001	700001	22443	2865.0	0.127656730384
chrX	700001	800001	22941	2654.0	0.115688069395
chrX	800001	900001	19135	2266.0	0.118421740267
chrX	900001	1000001	25437	2994.0	0.117702559264
chrX	1000001	1100001	6820	692.0	0.10146627566
chrX	1100001	1200001	10241	1202.0	0.117371350454
chrX	1200001	1300001	11528	1425.0	0.123612074948
chrX	1300001	1400001	9571	1045.0	0.109183993313
chrX	1400001	1500001	12506	1458.0	0.116584039661
chrX	1500001	1600001	22258	2530.0	0.113666996136
chrX	1600001	1700001	22522	2438.0	0.108249711393
chrX	1700001	1800001	20072	1989.0	0.0990932642487
chrX	1800001	1900001	19318	1848.0	0.0956620768195
chrX	1900001	2000001	23203	2434.0	0.104900228419
chrX	2000001	2100001	12923	1356.0	0.104929196007
chrX	2100001	2200001	17840	1597.0	0.0895179372197
chrX	2200001	2300001	31257	2876.0	0.0920113894488
chrX	2300001	2400001	26143	2514.0	0.0961634089431
chrX	2400001	2500001	37585	2666.0	0.0709325528801
chrX	2500001	2600001	40144	2779.0	0.0692257871662
chrX	2600001	2700001	43030	2992.0	0.0695328840344
chrX	2700001	2800001	43042	2589.0	0.060150550625
chrX	2800001	2900001	31273	1962.0	0.0627378249608
chrX	2900001	3000001	31472	1877.0	0.0596403152008
chrX	3000001	3100001	39426	2105.0	0.0533911631918
chrX	3100001	3200001	47527	2657.0	0.0559050644897
chrX	3200001	3300001	44372	2543.0	0.0573109167944
chrX	3300001	3400001	47117	2578.0	0.0547148587559
chrX	3400001	3500001	43683	2338.0	0.0535219650665
chrX	3500001	3600001	44895	2670.0	0.0594721015703
chrX	3600001	3700001	35938	2082.0	0.0579331070176
chrX	3700001	3800001	35463	2459.0	0.0693398753631
chrX	3800001	3900001	31656	1777.0	0.0561346980035
chrX	3900001	4000001	49187	2549.0	0.0518226360624
chrX	4000001	4100001	39805	2109.0	0.0529832935561
chrX	4100001	4200001	40832	2245.0	0.0549813871473
chrX	4200001	4300001	41876	2390.0	0.0570732639221
chrX	4300001	4400001	51466	2926.0	0.0568530680449
chrX	4400001	4500001	39917	2147.0	0.05378660721
chrX	4500001	4600001	44741	2522.0	0.0563688786572
chrX	4600001	4700001	43455	2421.0	0.0557128063514
chrX	4700001	4800001	43067	2429.0	0.0564004922563
chrX	4800001	4900001	47087	2827.0	0.0600378023658
chrX	4900001	5000001	55981	3362.0	0.0600560904593
chrX	5000001	5100001	46399	2695.0	0.0580831483437
chrX	5100001	5200001	51763	3053.0	0.0589803527616
chrX	5200001	5300001	43040	2529.0	0.0587592936803
chrX	5300001	5400001	42526	2375.0	0.0558481869915
chrX	5400001	5500001	44863	2565.0	0.0571740632593
chrX	5500001	5600001	47423	2617.0	0.0551841933239
chrX	5600001	5700001	50818	2705.0	0.0532291707663
chrX	5700001	5800001	52939	2894.0	0.0546666918529
chrX	5800001	5900001	63307	3376.0	0.0533274361445
chrX	5900001	6000001	54895	2946.0	0.0536660898078
chrX	6000001	6100001	57097	3130.0	0.0548189922413
chrX	6100001	6200001	57840	3031.0	0.0524031811895
chrX	6200001	6300001	43314	2335.0	0.0539086669437
chrX	6300001	6400001	52310	2832.0	0.0541387879946
chrX	6400001	6500001	45265	2425.0	0.0535734010825
chrX	6500001	6600001	47368	2437.0	0.0514482350954
chrX	6600001	6700001	50704	2702.0	0.0532896812875
chrX	6700001	6800001	50578	2579.0	0.0509905492507
chrX	6800001	6900001	42460	2182.0	0.0513895430994
chrX	6900001	7000001	56325	2744.0	0.0487172658677
chrX	7000001	7100001	60564	3123.0	0.0515652863087
chrX	7100001	7200001	51239	2519.0	0.049161771307
chrX	7200001	7300001	55160	2630.0	0.0476794778825
chrX	7300001	7400001	59343	2856.0	0.0481269905465
chrX	7400001	7500001	49676	2301.0	0.0463201546018
chrX	7500001	7600001	51733	2493.0	0.0481897434906
chrX	7600001	7700001	23460	1165.0	0.0496589940324
chrX	7700001	7800001	57562	2812.0	0.0488516729787
chrX	7800001	7900001	61078	3082.0	0.0504600674547
chrX	7900001	8000001	55569	2767.0	0.0497939498641
chrX	8000001	8100001	54744	2696.0	0.0492474061084
chrX	8100001	8200001	52786	2546.0	0.0482324858864
chrX	8200001	8300001	55557	2662.0	0.0479147542164
chrX	8300001	8400001	57174	2751.0	0.0481162766292
chrX	8400001	8500001	53259	2762.0	0.0518597795678
chrX	8500001	8600001	57925	2760.0	0.0476478204575
chrX	8600001	8700001	61478	2863.0	0.0465695045382
chrX	8700001	8800001	52668	2840.0	0.0539226855016
chrX	8800001	8900001	56992	2598.0	0.0455853453116
chrX	8900001	9000001	41018	2198.0	0.0535862304354
chrX	9000001	9100001	52663	2571.0	0.0488198545468
chrX	9100001	9200001	53372	2511.0	0.0470471408229
chrX	9200001	9300001	56607	2794.0	0.049357853269
chrX	9300001	9400001	40622	2162.0	0.0532223918074
chrX	9400001	9500001	48441	2395.0	0.0494415887368
chrX	9500001	9600001	62155	3254.0	0.0523529884965
chrX	9600001	9700001	61301	3443.0	0.0561654785403
chrX	9700001	9800001	47009	2332.0	0.0496075219639
chrX	9800001	9900001	58113	2954.0	0.0508319997247
chrX	9900001	10000001	42919	2218.0	0.05167874368
chrX	10000001	10100001	65188	3307.0	0.0507301957415
chrX	10100001	10200001	47118	2263.0	0.0480283543444
chrX	10200001	10300001	50542	2217.0	0.0438645087254
chrX	10300001	10400001	54640	2301.0	0.0421120058565
chrX	10400001	10500001	61655	2386.0	0.0386992133647
chrX	10500001	10600001	64874	2601.0	0.0400931035546
chrX	10600001	10700001	52324	2109.0	0.0403065514869
chrX	10700001	10800001	31070	1360.0	0.0437721274541
chrX	10800001	10900001	52219	2121.0	0.040617399797
chrX	10900001	11000001	51768	2270.0	0.0438494823057
chrX	11000001	11100001	43459	1956.0	0.0450079385168
chrX	11100001	11200001	59916	2626.0	0.0438280259029
chrX	11200001	11300001	58676	2901.0	0.049440998023
chrX	11300001	11400001	62749	2860.0	0.0455784155923
chrX	11400001	11500001	59393	2738.0	0.0460997087199
chrX	11500001	11600001	46933	2264.0	0.04823897897
chrX	11600001	11700001	55001	2525.0	0.0459082562135
chrX	11700001	11800001	54533	2593.0	0.0475491903985
chrX	11800001	11900001	46851	2156.0	0.0460182279994
chrX	11900001	12000001	45463	2052.0	0.0451356047775
chrX	12000001	12100001	49485	2160.0	0.0436495907851
chrX	12100001	12200001	48744	2205.0	0.0452363367799
chrX	12200001	12300001	56728	2637.0	0.0464849809618
chrX	12300001	12400001	68409	3064.0	0.0447894282916
chrX	12400001	12500001	58692	2636.0	0.0449124241805
chrX	12500001	12600001	48102	2244.0	0.0466508669078
chrX	12600001	12700001	51341	2291.0	0.0446232056251
chrX	12700001	12800001	51361	2254.0	0.0438854383676
chrX	12800001	12900001	39356	1814.0	0.0460920825287
chrX	12900001	13000001	45779	2151.0	0.0469866095808
chrX	13000001	13100001	61380	2715.0	0.0442326490714
chrX	13100001	13200001	50197	2131.0	0.0424527362193
chrX	13200001	13300001	48692	2215.0	0.0454900188943
chrX	13300001	13400001	57794	3179.0	0.0550057099353
chrX	13400001	13500001	46556	2100.0	0.0451069679526
chrX	13500001	13600001	47536	2240.0	0.0471221810838
chrX	13600001	13700001	48471	2076.0	0.0428297332426
chrX	13700001	13800001	59408	2719.0	0.0457682467008
chrX	13800001	13900001	57325	2598.0	0.0453205407763
chrX	13900001	14000001	48445	2134.0	0.0440499535556
chrX	14000001	14100001	45904	2123.0	0.0462486929244
chrX	14100001	14200001	43164	2115.0	0.0489991659716
chrX	14200001	14300001	37918	1814.0	0.0478400759534
chrX	14300001	14400001	38655	1817.0	0.047005562023
chrX	14400001	14500001	47209	2171.0	0.0459869940054
chrX	14500001	14600001	52128	2245.0	0.0430670656845
chrX	14600001	14700001	53106	2308.0	0.0434602493127
chrX	14700001	14800001	38495	1682.0	0.043693986232
chrX	14800001	14900001	41382	1870.0	0.0451887293993
chrX	14900001	15000001	46264	2077.0	0.044894518416
chrX	15000001	15100001	39077	1678.0	0.0429408603526
chrX	15100001	15200001	44268	2113.0	0.0477319960242
chrX	15200001	15300001	47432	2239.0	0.0472044189577
chrX	15300001	15400001	55578	2490.0	0.0448019000324
chrX	15400001	15500001	55262	2452.0	0.0443704534762
chrX	15500001	15600001	56891	2573.0	0.0452268372853
chrX	15600001	15700001	60234	2723.0	0.0452070259322
chrX	15700001	15800001	48734	2359.0	0.0484056305659
chrX	15800001	15900001	52387	2220.0	0.0423769255731
chrX	15900001	16000001	41936	1919.0	0.0457602060282
chrX	16000001	16100001	39449	1666.0	0.0422317422495
chrX	16100001	16200001	50015	2232.0	0.0446266120164
chrX	16200001	16300001	35806	1623.0	0.0453275987265
chrX	16300001	16400001	33538	1486.0	0.044307949192
chrX	16400001	16500001	46756	2139.0	0.0457481392762
chrX	16500001	16600001	33898	1546.0	0.0456074104667
chrX	16600001	16700001	43446	1921.0	0.0442158081296
chrX	16700001	16800001	33680	1549.0	0.0459916864608
chrX	16800001	16900001	49129	2200.0	0.0447800687985
chrX	16900001	17000001	33166	1487.0	0.0448350720617
chrX	17000001	17100001	56579	2407.0	0.0425422860072
chrX	17100001	17200001	47512	1925.0	0.0405160801482
chrX	17200001	17300001	35316	1514.0	0.0428700872126
chrX	17300001	17400001	37464	1649.0	0.0440155882981
chrX	17400001	17500001	59302	2563.0	0.0432194529695
chrX	17500001	17600001	54574	2297.0	0.0420896397552
chrX	17600001	17700001	68014	2717.0	0.0399476578352
chrX	17700001	17800001	58400	2475.0	0.0423801369863
chrX	17800001	17900001	57409	2512.0	0.043756205473
chrX	17900001	18000001	42041	2054.0	0.0488570681002
chrX	18000001	18100001	56462	2720.0	0.0481739931281
chrX	18100001	18200001	39507	1847.0	0.0467512086466
chrX	18200001	18300001	36631	1724.0	0.0470639622178
chrX	18300001	18400001	36803	1590.0	0.0432029997555
chrX	18400001	18500001	35885	1635.0	0.0455622126237
chrX	18500001	18600001	44085	1860.0	0.0421912215039
chrX	18600001	18700001	59436	2558.0	0.0430378894946
chrX	18700001	18800001	40426	1893.0	0.046826299906
chrX	18800001	18900001	26153	1291.0	0.0493633617558
chrX	18900001	19000001	52294	2787.0	0.0532948330592
chrX	19000001	19100001	51709	2180.0	0.0421590052022
chrX	19100001	19200001	41692	1910.0	0.0458121462151
chrX	19200001	19300001	41771	1947.0	0.0466112853415
chrX	19300001	19400001	45789	2330.0	0.0508855838739
chrX	19400001	19500001	36834	2020.0	0.0548406363686
chrX	19500001	19600001	50928	2471.0	0.0485194784794
chrX	19600001	19700001	62128	2742.0	0.0441346896729
chrX	19700001	19800001	61198	2755.0	0.0450178110396
chrX	19800001	19900001	47414	2092.0	0.0441219892859
chrX	19900001	20000001	43371	1930.0	0.0444997809596
chrX	20000001	20100001	48897	2230.0	0.045606069902
chrX	20100001	20200001	50706	2218.0	0.0437423579064
chrX	20200001	20300001	46055	1816.0	0.0394311149712
chrX	20300001	20400001	43302	1914.0	0.0442011916309
chrX	20400001	20500001	46742	1912.0	0.0409053955757
chrX	20500001	20600001	42030	1826.0	0.0434451582203
chrX	20600001	20700001	42325	1911.0	0.0451506202008
chrX	20700001	20800001	25499	1145.0	0.0449037217146
chrX	20800001	20900001	35824	1646.0	0.0459468512729
chrX	20900001	21000001	42175	1971.0	0.0467338470658
chrX	21000001	21100001	22554	1040.0	0.0461115544914
chrX	21100001	21200001	39805	1869.0	0.0469539002638
chrX	21200001	21300001	24328	1127.0	0.0463252219665
chrX	21300001	21400001	27649	1222.0	0.0441968968136
chrX	21400001	21500001	55412	2550.0	0.0460189128709
chrX	21500001	21600001	58716	2549.0	0.04341235779
chrX	21600001	21700001	62629	2450.0	0.0391192578518
chrX	21700001	21800001	59681	2436.0	0.0408170104388
chrX	21800001	21900001	45382	1912.0	0.0421312414614
chrX	21900001	22000001	42513	2058.0	0.048408722038
chrX	22000001	22100001	49941	2362.0	0.0472958090547
chrX	22100001	22200001	49854	2390.0	0.0479399847555
chrX	22200001	22300001	45947	2186.0	0.0475765555967
chrX	22300001	22400001	50511	2632.0	0.052107461741
chrX	22400001	22500001	41466	2205.0	0.0531760960787
chrX	22500001	22600001	47256	2626.0	0.0555696631116
chrX	22600001	22700001	47249	2656.0	0.0562128299012
chrX	22700001	22800001	47297	2699.0	0.0570649301224
chrX	22800001	22900001	34513	2123.0	0.0615130530525
chrX	22900001	23000001	51808	2927.0	0.0564970660902
chrX	23000001	23100001	34520	1802.0	0.052201622248
chrX	23100001	23200001	44564	2413.0	0.054146844987
chrX	23200001	23300001	42678	2319.0	0.0543371292001
chrX	23300001	23400001	57766	2796.0	0.0484021742894
chrX	23400001	23500001	36614	1879.0	0.0513191675315
chrX	23500001	23600001	28270	1304.0	0.0461266360099
chrX	23600001	23700001	49176	2361.0	0.0480112249878
chrX	23700001	23800001	33258	1656.0	0.0497925311203
chrX	23800001	23900001	38079	1739.0	0.0456682160771
chrX	23900001	24000001	31418	1416.0	0.0450697052645
chrX	24000001	24100001	39503	1758.0	0.0445029491431
chrX	24100001	24200001	22993	996.0	0.0433175314226
chrX	24200001	24300001	32489	1441.0	0.0443534734833
chrX	24300001	24400001	38394	1825.0	0.0475334687712
chrX	24400001	24500001	38931	1717.0	0.0441036705967
chrX	24500001	24600001	56290	2536.0	0.0450524071771
chrX	24600001	24700001	42989	1876.0	0.0436390704599
chrX	24700001	24800001	50680	2126.0	0.0419494869771
chrX	24800001	24900001	66834	2618.0	0.0391716790855
chrX	24900001	25000001	58609	2334.0	0.0398232353393
chrX	25000001	25100001	61811	2465.0	0.039879633075
chrX	25100001	25200001	39160	1587.0	0.0405260469867
chrX	25200001	25300001	49088	2001.0	0.0407635267275
chrX	25300001	25400001	29015	1297.0	0.0447010167155
chrX	25400001	25500001	43716	1954.0	0.0446975935584
chrX	25500001	25600001	46897	2172.0	0.0463142631725
chrX	25600001	25700001	39501	1874.0	0.0474418369155
chrX	25700001	25800001	41672	2037.0	0.0488817431369
chrX	25800001	25900001	40112	1841.0	0.0458964898285
chrX	25900001	26000001	32030	1580.0	0.0493287542929
chrX	26000001	26100001	39006	1912.0	0.0490180997795
chrX	26100001	26200001	46916	2403.0	0.0512192002728
chrX	26200001	26300001	45629	2467.0	0.0540664928006
chrX	26300001	26400001	29418	1289.0	0.0438167108573
chrX	26400001	26500001	50584	2290.0	0.0452712320101
chrX	26500001	26600001	42356	1924.0	0.0454244971197
chrX	26600001	26700001	36435	1636.0	0.0449018800604
chrX	26700001	26800001	34581	1629.0	0.0471067927475
chrX	26800001	26900001	30618	1447.0	0.0472597818277
chrX	26900001	27000001	38756	1896.0	0.0489214573227
chrX	27000001	27100001	31531	1713.0	0.0543274872348
chrX	27100001	27200001	49328	2453.0	0.0497283490107
chrX	27200001	27300001	43774	2221.0	0.0507378809339
chrX	27300001	27400001	25312	1334.0	0.0527022756005
chrX	27400001	27500001	43505	2192.0	0.0503850132169
chrX	27500001	27600001	35371	1743.0	0.0492776568375
chrX	27600001	27700001	41909	1869.0	0.044596626023
chrX	27700001	27800001	37746	1718.0	0.0455147565305
chrX	27800001	27900001	48202	2356.0	0.048877639932
chrX	27900001	28000001	53390	2604.0	0.0487731784978
chrX	28000001	28100001	45455	2070.0	0.0455395446046
chrX	28100001	28200001	39320	1739.0	0.0442268565615
chrX	28200001	28300001	34703	1572.0	0.0452986773478
chrX	28300001	28400001	37562	1582.0	0.0421170331718
chrX	28400001	28500001	32647	1542.0	0.0472325175361
chrX	28500001	28600001	44608	1966.0	0.0440728120516
chrX	28600001	28700001	64829	2693.0	0.0415400515202
chrX	28700001	28800001	49919	2481.0	0.049700514834
chrX	28800001	28900001	56357	2975.0	0.0527884734816
chrX	28900001	29000001	51359	2991.0	0.0582371152086
chrX	29000001	29100001	62213	3850.0	0.0618841721184
chrX	29100001	29200001	48000	3099.0	0.0645625
chrX	29200001	29300001	57085	3576.0	0.0626434264693
chrX	29300001	29400001	43413	2529.0	0.0582544399143
chrX	29400001	29500001	53728	2950.0	0.0549061941632
chrX	29500001	29600001	48463	2573.0	0.0530920496049
chrX	29600001	29700001	44896	2274.0	0.0506503920171
chrX	29700001	29800001	60271	3088.0	0.0512352541023
chrX	29800001	29900001	58135	2945.0	0.0506579513202
chrX	29900001	30000001	64822	2986.0	0.0460646076949
chrX	30000001	30100001	35631	1779.0	0.049928433106
chrX	30100001	30200001	37764	1829.0	0.0484323694524
chrX	30200001	30300001	57838	2808.0	0.0485493965905
chrX	30300001	30400001	39056	1918.0	0.0491089717329
chrX	30400001	30500001	49129	2536.0	0.0516192065786
chrX	30500001	30600001	37598	1859.0	0.0494441193681
chrX	30600001	30700001	40045	1813.0	0.045274066675
chrX	30700001	30800001	44303	1888.0	0.0426156242241
chrX	30800001	30900001	39057	1591.0	0.0407353355352
chrX	30900001	31000001	40687	1858.0	0.0456656917443
chrX	31000001	31100001	41586	1944.0	0.0467465012264
chrX	31100001	31200001	60227	2640.0	0.0438341607585
chrX	31200001	31300001	59371	2751.0	0.0463357531455
chrX	31300001	31400001	58154	2817.0	0.0484403480414
chrX	31400001	31500001	52972	2561.0	0.0483462961565
chrX	31500001	31600001	54771	2566.0	0.0468496101952
chrX	31600001	31700001	61103	2854.0	0.0467080176096
chrX	31700001	31800001	51571	2579.0	0.0500087258343
chrX	31800001	31900001	47427	2464.0	0.0519535285808
chrX	31900001	32000001	51317	2885.0	0.0562191866243
chrX	32000001	32100001	64353	3686.0	0.0572778269855
chrX	32100001	32200001	61201	3474.0	0.0567637783696
chrX	32200001	32300001	50632	2961.0	0.0584808026544
chrX	32300001	32400001	65360	4069.0	0.0622552019584
chrX	32400001	32500001	54423	3712.0	0.0682064568289
chrX	32500001	32600001	57030	3642.0	0.0638611257233
chrX	32600001	32700001	49770	3512.0	0.0705645971469
chrX	32700001	32800001	51034	3532.0	0.0692087627856
chrX	32800001	32900001	47611	3235.0	0.0679464829556
chrX	32900001	33000001	55849	3270.0	0.0585507350176
chrX	33000001	33100001	54948	2962.0	0.0539055106646
chrX	33100001	33200001	56781	2912.0	0.0512847607474
chrX	33200001	33300001	48421	2585.0	0.0533859275934
chrX	33300001	33400001	44582	2254.0	0.0505585213763
chrX	33400001	33500001	31023	1712.0	0.0551848628437
chrX	33500001	33600001	19245	1094.0	0.0568459340088
chrX	33600001	33700001	40341	2116.0	0.0524528395429
chrX	33700001	33800001	33633	1573.0	0.046769541819
chrX	33800001	33900001	29974	1594.0	0.0531794221659
chrX	33900001	34000001	28987	1540.0	0.0531272639459
chrX	34000001	34100001	34697	1867.0	0.05380868663
chrX	34100001	34200001	28894	1595.0	0.0552017719942
chrX	34200001	34300001	38592	1921.0	0.0497771558872
chrX	34300001	34400001	44965	2371.0	0.0527299010341
chrX	34400001	34500001	29561	1703.0	0.0576096884409
chrX	34500001	34600001	38812	2099.0	0.0540812119963
chrX	34600001	34700001	51185	2424.0	0.047357624304
chrX	34700001	34800001	38780	1965.0	0.0506704486849
chrX	34800001	34900001	34690	2007.0	0.0578552897088
chrX	34900001	35000001	41771	2326.0	0.0556845658471
chrX	35000001	35100001	38294	2063.0	0.0538726693477
chrX	35100001	35200001	39427	2162.0	0.0548355188069
chrX	35200001	35300001	27974	1467.0	0.0524415528705
chrX	35300001	35400001	25025	1362.0	0.0544255744256
chrX	35400001	35500001	33753	1818.0	0.0538618789441
chrX	35500001	35600001	38159	2004.0	0.0525170995047
chrX	35600001	35700001	33698	1789.0	0.0530892041071
chrX	35700001	35800001	38672	2018.0	0.0521824575921
chrX	35800001	35900001	36146	1821.0	0.0503790184253
chrX	35900001	36000001	32365	1552.0	0.0479530356867
chrX	36000001	36100001	36443	1759.0	0.04826715693
chrX	36100001	36200001	34161	1729.0	0.0506132724452
chrX	36200001	36300001	38224	1918.0	0.0501778987024
chrX	36300001	36400001	51477	2485.0	0.0482739864405
chrX	36400001	36500001	31755	1629.0	0.0512990080302
chrX	36500001	36600001	40881	2144.0	0.0524449010543
chrX	36600001	36700001	29736	1573.0	0.0528988431531
chrX	36700001	36800001	53198	2908.0	0.054663709162
chrX	36800001	36900001	29106	1450.0	0.0498179069608
chrX	36900001	37000001	36409	1690.0	0.0464170946744
chrX	37000001	37100001	27784	1869.0	0.0672689317593
chrX	37100001	37200001	18693	949.0	0.0507676670411
chrX	37200001	37300001	39928	1733.0	0.0434031256261
chrX	37300001	37400001	23424	1178.0	0.0502903005464
chrX	37400001	37500001	38258	1936.0	0.0506037952846
chrX	37500001	37600001	52830	2380.0	0.0450501608934
chrX	37600001	37700001	46221	2198.0	0.0475541420566
chrX	37700001	37800001	42186	1954.0	0.0463186839236
chrX	37800001	37900001	35016	1738.0	0.0496344528216
chrX	37900001	38000001	50120	2639.0	0.0526536312849
chrX	38000001	38100001	53604	2382.0	0.0444369823148
chrX	38100001	38200001	43168	2036.0	0.0471645663454
chrX	38200001	38300001	46250	2154.0	0.046572972973
chrX	38300001	38400001	39998	1751.0	0.0437771888594
chrX	38400001	38500001	48715	2130.0	0.043723699066
chrX	38500001	38600001	52384	2424.0	0.04627367135
chrX	38600001	38700001	48832	2224.0	0.0455439056356
chrX	38700001	38800001	51246	2299.0	0.0448620380127
chrX	38800001	38900001	45746	2166.0	0.0473484020461
chrX	38900001	39000001	33960	1546.0	0.0455241460542
chrX	39000001	39100001	50242	2401.0	0.047788702679
chrX	39100001	39200001	46645	2160.0	0.0463072140637
chrX	39200001	39300001	46294	2293.0	0.0495312567503
chrX	39300001	39400001	55953	2573.0	0.0459850231444
chrX	39400001	39500001	42040	1859.0	0.0442197906755
chrX	39500001	39600001	48664	2147.0	0.0441188558277
chrX	39600001	39700001	46019	2228.0	0.0484147851974
chrX	39700001	39800001	56564	2802.0	0.0495368078637
chrX	39800001	39900001	46268	2098.0	0.0453445145673
chrX	39900001	40000001	62250	2619.0	0.0420722891566
chrX	40000001	40100001	45745	2012.0	0.0439829489562
chrX	40100001	40200001	39200	1776.0	0.045306122449
chrX	40200001	40300001	32062	1601.0	0.0499345019026
chrX	40300001	40400001	39877	1914.0	0.0479975925972
chrX	40400001	40500001	46905	2204.0	0.0469885939665
chrX	40500001	40600001	47476	1853.0	0.0390302468616
chrX	40600001	40700001	22515	1044.0	0.0463690872751
chrX	40700001	40800001	26351	1226.0	0.0465257485484
chrX	40800001	40900001	25918	1137.0	0.0438691257041
chrX	40900001	41000001	37854	1769.0	0.0467321815396
chrX	41000001	41100001	47721	2179.0	0.0456612392867
chrX	41100001	41200001	33761	1705.0	0.0505020585883
chrX	41200001	41300001	29706	1471.0	0.0495186157679
chrX	41300001	41400001	41883	1836.0	0.0438364014039
chrX	41400001	41500001	47043	1890.0	0.0401760091831
chrX	41500001	41600001	39316	1623.0	0.041280903449
chrX	41600001	41700001	34704	1545.0	0.0445193637621
chrX	41700001	41800001	48336	2058.0	0.0425769612711
chrX	41800001	41900001	36005	1691.0	0.0469656992084
chrX	41900001	42000001	38539	1782.0	0.0462388749059
chrX	42000001	42100001	40593	1886.0	0.0464612125243
chrX	42100001	42200001	31312	1478.0	0.0472023505365
chrX	42200001	42300001	33745	1655.0	0.0490443028597
chrX	42300001	42400001	41012	1970.0	0.0480347215449
chrX	42400001	42500001	35734	1671.0	0.0467621872726
chrX	42500001	42600001	36754	1748.0	0.0475594493116
chrX	42600001	42700001	34658	1664.0	0.0480120030008
chrX	42700001	42800001	34477	1563.0	0.0453345708733
chrX	42800001	42900001	26573	1297.0	0.0488089414067
chrX	42900001	43000001	39328	1799.0	0.0457434906428
chrX	43000001	43100001	34709	1584.0	0.0456365784091
chrX	43100001	43200001	21034	1000.0	0.0475420747361
chrX	43200001	43300001	21892	1002.0	0.045770144345
chrX	43300001	43400001	32698	1511.0	0.0462107774176
chrX	43400001	43500001	33666	1628.0	0.0483573932157
chrX	43500001	43600001	52798	2399.0	0.0454373271715
chrX	43600001	43700001	54914	2795.0	0.0508977674181
chrX	43700001	43800001	52174	2748.0	0.0526699122168
chrX	43800001	43900001	60911	2578.0	0.0423240465597
chrX	43900001	44000001	41233	1839.0	0.0446001988698
chrX	44000001	44100001	43185	1706.0	0.0395044575663
chrX	44100001	44200001	47043	2084.0	0.04429989584
chrX	44200001	44300001	24714	1155.0	0.0467346443311
chrX	44300001	44400001	36529	1763.0	0.0482630238988
chrX	44400001	44500001	21296	1096.0	0.0514650638618
chrX	44500001	44600001	29005	1393.0	0.0480262023789
chrX	44600001	44700001	21667	1058.0	0.0488300179997
chrX	44700001	44800001	30249	1351.0	0.0446626334755
chrX	44800001	44900001	42033	1971.0	0.0468917279281
chrX	44900001	45000001	49598	2164.0	0.0436307915642
chrX	45000001	45100001	36281	1977.0	0.0544913315509
chrX	45100001	45200001	23629	1164.0	0.0492615006983
chrX	45200001	45300001	21790	1069.0	0.0490592014686
chrX	45300001	45400001	28213	1288.0	0.0456527132882
chrX	45400001	45500001	20733	1000.0	0.0482322866927
chrX	45500001	45600001	32323	1509.0	0.0466850230486
chrX	45600001	45700001	60348	2523.0	0.0418075164049
chrX	45700001	45800001	46757	2183.0	0.0466881964198
chrX	45800001	45900001	29842	1441.0	0.0482876482809
chrX	45900001	46000001	15587	781.0	0.0501058574453
chrX	46000001	46100001	25541	1140.0	0.0446341176931
chrX	46100001	46200001	32326	1492.0	0.0461547979954
chrX	46200001	46300001	25740	1254.0	0.0487179487179
chrX	46300001	46400001	24574	1196.0	0.0486693253032
chrX	46400001	46500001	45034	1975.0	0.0438557534307
chrX	46500001	46600001	46646	2068.0	0.0443339193071
chrX	46600001	46700001	31201	1413.0	0.0452870100317
chrX	46700001	46800001	38230	1505.0	0.0393669892754
chrX	46800001	46900001	39258	1523.0	0.0387946405828
chrX	46900001	47000001	28967	1294.0	0.0446715227673
chrX	47000001	47100001	50235	2336.0	0.0465014432169
chrX	47100001	47200001	21118	1210.0	0.0572970925277
chrX	47200001	47300001	14218	659.0	0.0463496975665
chrX	47300001	47400001	24640	1214.0	0.0492694805195
chrX	47400001	47500001	45070	2058.0	0.0456623030841
chrX	47500001	47600001	31279	1497.0	0.0478595863039
chrX	47600001	47700001	22074	926.0	0.0419498052007
chrX	47700001	47800001	19979	900.0	0.0450472996646
chrX	47800001	47900001	24549	1212.0	0.0493706464622
chrX	47900001	48000001	0	0.0	NA
chrX	48000001	48100001	0	0.0	NA
chrX	48100001	48200001	0	0.0	NA
chrX	48200001	48300001	0	0.0	NA
chrX	48300001	48400001	38941	1857.0	0.0476875272849
chrX	48400001	48500001	30133	1504.0	0.0499120565493
chrX	48500001	48600001	45052	2040.0	0.0452810086123
chrX	48600001	48700001	39582	1950.0	0.0492648173412
chrX	48700001	48800001	29867	1331.0	0.0445642347742
chrX	48800001	48900001	37069	1552.0	0.0418678680299
chrX	48900001	49000001	35371	1532.0	0.0433123180006
chrX	49000001	49100001	44309	2292.0	0.0517276399828
chrX	49100001	49200001	94	5.0	0.0531914893617
chrX	49200001	49300001	0	0.0	NA
chrX	49300001	49400001	0	0.0	NA
chrX	49400001	49500001	33923	1656.0	0.0488164372255
chrX	49500001	49600001	43588	2023.0	0.0464118564743
chrX	49600001	49700001	38518	1724.0	0.0447582948232
chrX	49700001	49800001	43487	1860.0	0.042771402948
chrX	49800001	49900001	43315	1824.0	0.0421101235138
chrX	49900001	50000001	31886	1603.0	0.0502728470175
chrX	50000001	50100001	18730	850.0	0.0453817405232
chrX	50100001	50200001	57793	2587.0	0.0447632066167
chrX	50200001	50300001	42404	1906.0	0.0449485897557
chrX	50300001	50400001	41004	1700.0	0.0414593698176
chrX	50400001	50500001	37439	1481.0	0.0395576804936
chrX	50500001	50600001	41585	1779.0	0.0427798485031
chrX	50600001	50700001	30621	1518.0	0.0495738218869
chrX	50700001	50800001	31193	1660.0	0.0532170679319
chrX	50800001	50900001	27975	1506.0	0.0538337801609
chrX	50900001	51000001	25662	1269.0	0.0494505494505
chrX	51000001	51100001	27618	1330.0	0.0481569990586
chrX	51100001	51200001	17761	891.0	0.0501660942514
chrX	51200001	51300001	22695	1095.0	0.0482485128883
chrX	51300001	51400001	26211	1301.0	0.0496356491549
chrX	51400001	51500001	16802	758.0	0.0451136769432
chrX	51500001	51600001	22021	993.0	0.0450933200127
chrX	51600001	51700001	32239	1439.0	0.0446353795093
chrX	51700001	51800001	10711	548.0	0.051162356456
chrX	51800001	51900001	8419	359.0	0.0426416439007
chrX	51900001	52000001	22163	1051.0	0.0474213779723
chrX	52000001	52100001	33262	1785.0	0.0536648427635
chrX	52100001	52200001	10201	509.0	0.0498970689148
chrX	52200001	52300001	0	0.0	NA
chrX	52300001	52400001	0	0.0	NA
chrX	52400001	52500001	0	0.0	NA
chrX	52500001	52600001	0	0.0	NA
chrX	52600001	52700001	0	0.0	NA
chrX	52700001	52800001	0	0.0	NA
chrX	52800001	52900001	0	0.0	NA
chrX	52900001	53000001	0	0.0	NA
chrX	53000001	53100001	23577	1081.0	0.0458497688425
chrX	53100001	53200001	24298	1102.0	0.0453535270393
chrX	53200001	53300001	43181	1731.0	0.0400870753341
chrX	53300001	53400001	34615	1370.0	0.0395782175358
chrX	53400001	53500001	32109	1263.0	0.0393347659535
chrX	53500001	53600001	24297	976.0	0.0401695682595
chrX	53600001	53700001	54845	2658.0	0.0484638526757
chrX	53700001	53800001	27531	1151.0	0.0418074170935
chrX	53800001	53900001	10002	434.0	0.0433913217357
chrX	53900001	54000001	18519	819.0	0.0442248501539
chrX	54000001	54100001	29458	1157.0	0.0392762577229
chrX	54100001	54200001	19166	791.0	0.0412710007305
chrX	54200001	54300001	37144	1380.0	0.0371527029938
chrX	54300001	54400001	32199	1305.0	0.0405292089816
chrX	54400001	54500001	27056	1106.0	0.0408781785925
chrX	54500001	54600001	30425	1329.0	0.0436811832375
chrX	54600001	54700001	9603	449.0	0.046756222014
chrX	54700001	54800001	21118	1025.0	0.0485367932569
chrX	54800001	54900001	30072	1637.0	0.0544360202181
chrX	54900001	55000001	27808	1255.0	0.0451308975834
chrX	55000001	55100001	30778	1397.0	0.0453895639743
chrX	55100001	55200001	37981	2043.0	0.0537900529212
chrX	55200001	55300001	25235	1313.0	0.0520309094512
chrX	55300001	55400001	23991	1262.0	0.0526030594806
chrX	55400001	55500001	15113	821.0	0.0543240918415
chrX	55500001	55600001	17797	998.0	0.0560768668877
chrX	55600001	55700001	26299	1522.0	0.0578729229248
chrX	55700001	55800001	21108	829.0	0.0392742088308
chrX	55800001	55900001	15362	744.0	0.048431193855
chrX	55900001	56000001	19598	1041.0	0.0531176650679
chrX	56000001	56100001	3825	200.0	0.0522875816993
chrX	56100001	56200001	14958	754.0	0.0504078085306
chrX	56200001	56300001	24997	1067.0	0.0426851222147
chrX	56300001	56400001	9432	418.0	0.0443172179813
chrX	56400001	56500001	1729	85.0	0.0491613649508
chrX	56500001	56600001	15616	731.0	0.0468109631148
chrX	56600001	56700001	6471	358.0	0.0553237521249
chrX	56700001	56800001	0	0.0	NA
chrX	56800001	56900001	0	0.0	NA
chrX	56900001	57000001	0	0.0	NA
chrX	57000001	57100001	13298	622.0	0.0467739509701
chrX	57100001	57200001	0	0.0	NA
chrX	57200001	57300001	0	0.0	NA
chrX	57300001	57400001	7072	388.0	0.0548642533937
chrX	57400001	57500001	0	0.0	NA
chrX	57500001	57600001	0	0.0	NA
chrX	57600001	57700001	6044	285.0	0.0471542025149
chrX	57700001	57800001	0	0.0	NA
chrX	57800001	57900001	0	0.0	NA
chrX	57900001	58000001	22400	1255.0	0.0560267857143
chrX	58000001	58100001	0	0.0	NA
chrX	58100001	58200001	0	0.0	NA
chrX	58200001	58300001	0	0.0	NA
chrX	58300001	58400001	0	0.0	NA
chrX	58400001	58500001	0	0.0	NA
chrX	58500001	58600001	0	0.0	NA
chrX	58600001	58700001	0	0.0	NA
chrX	58700001	58800001	0	0.0	NA
chrX	58800001	58900001	0	0.0	NA
chrX	58900001	59000001	0	0.0	NA
chrX	59000001	59100001	0	0.0	NA
chrX	59100001	59200001	0	0.0	NA
chrX	59200001	59300001	0	0.0	NA
chrX	59300001	59400001	0	0.0	NA
chrX	59400001	59500001	0	0.0	NA
chrX	59500001	59600001	0	0.0	NA
chrX	59600001	59700001	0	0.0	NA
chrX	59700001	59800001	0	0.0	NA
chrX	59800001	59900001	0	0.0	NA
chrX	59900001	60000001	0	0.0	NA
chrX	60000001	60100001	0	0.0	NA
chrX	60100001	60200001	0	0.0	NA
chrX	60200001	60300001	0	0.0	NA
chrX	60300001	60400001	0	0.0	NA
chrX	60400001	60500001	0	0.0	NA
chrX	60500001	60600001	0	0.0	NA
chrX	60600001	60700001	0	0.0	NA
chrX	60700001	60800001	0	0.0	NA
chrX	60800001	60900001	0	0.0	NA
chrX	60900001	61000001	0	0.0	NA
chrX	61000001	61100001	0	0.0	NA
chrX	61100001	61200001	0	0.0	NA
chrX	61200001	61300001	0	0.0	NA
chrX	61300001	61400001	0	0.0	NA
chrX	61400001	61500001	0	0.0	NA
chrX	61500001	61600001	0	0.0	NA
chrX	61600001	61700001	0	0.0	NA
chrX	61700001	61800001	0	0.0	NA
chrX	61800001	61900001	0	0.0	NA
chrX	61900001	62000001	0	0.0	NA
chrX	62000001	62100001	0	0.0	NA
chrX	62100001	62200001	0	0.0	NA
chrX	62200001	62300001	0	0.0	NA
chrX	62300001	62400001	3158	184.0	0.0582647245092
chrX	62400001	62500001	6332	374.0	0.0590650663298
chrX	62500001	62600001	10494	605.0	0.0576519916143
chrX	62600001	62700001	7861	448.0	0.0569902048085
chrX	62700001	62800001	16758	872.0	0.0520348490273
chrX	62800001	62900001	27973	1363.0	0.0487255567869
chrX	62900001	63000001	48745	2194.0	0.0450097445892
chrX	63000001	63100001	16993	908.0	0.0534337668452
chrX	63100001	63200001	0	0.0	NA
chrX	63200001	63300001	2005	119.0	0.0593516209476
chrX	63300001	63400001	14570	883.0	0.0606039807824
chrX	63400001	63500001	36397	1615.0	0.0443717888837
chrX	63500001	63600001	23870	1098.0	0.0459991621282
chrX	63600001	63700001	241	11.0	0.045643153527
chrX	63700001	63800001	0	0.0	NA
chrX	63800001	63900001	0	0.0	NA
chrX	63900001	64000001	0	0.0	NA
chrX	64000001	64100001	0	0.0	NA
chrX	64100001	64200001	16374	832.0	0.0508122633443
chrX	64200001	64300001	20441	958.0	0.046866591654
chrX	64300001	64400001	4734	283.0	0.059780312632
chrX	64400001	64500001	8170	458.0	0.05605875153
chrX	64500001	64600001	10972	594.0	0.0541378053226
chrX	64600001	64700001	1531	79.0	0.0516002612671
chrX	64700001	64800001	44309	1885.0	0.0425421471936
chrX	64800001	64900001	40072	1906.0	0.0475643841086
chrX	64900001	65000001	43777	2060.0	0.0470566735957
chrX	65000001	65100001	36354	2168.0	0.0596358034879
chrX	65100001	65200001	16426	975.0	0.0593571167661
chrX	65200001	65300001	58334	3394.0	0.0581821922035
chrX	65300001	65400001	26653	1540.0	0.0577796120512
chrX	65400001	65500001	1351	75.0	0.0555144337528
chrX	65500001	65600001	0	0.0	NA
chrX	65600001	65700001	0	0.0	NA
chrX	65700001	65800001	0	0.0	NA
chrX	65800001	65900001	0	0.0	NA
chrX	65900001	66000001	0	0.0	NA
chrX	66000001	66100001	11227	683.0	0.0608354858822
chrX	66100001	66200001	27366	1592.0	0.0581743769641
chrX	66200001	66300001	13129	815.0	0.0620763195978
chrX	66300001	66400001	0	0.0	NA
chrX	66400001	66500001	0	0.0	NA
chrX	66500001	66600001	0	0.0	NA
chrX	66600001	66700001	0	0.0	NA
chrX	66700001	66800001	31838	1543.0	0.0484640995037
chrX	66800001	66900001	42273	2035.0	0.048139474369
chrX	66900001	67000001	52128	2566.0	0.0492249846532
chrX	67000001	67100001	13530	756.0	0.0558758314856
chrX	67100001	67200001	11732	634.0	0.0540402318445
chrX	67200001	67300001	28973	1384.0	0.0477686121561
chrX	67300001	67400001	33005	1435.0	0.0434782608696
chrX	67400001	67500001	35710	1588.0	0.0444693363204
chrX	67500001	67600001	24291	1119.0	0.0460664443621
chrX	67600001	67700001	31074	1390.0	0.0447319302311
chrX	67700001	67800001	24259	1147.0	0.0472814213282
chrX	67800001	67900001	32047	1664.0	0.0519237370113
chrX	67900001	68000001	51116	2590.0	0.0506690664371
chrX	68000001	68100001	49997	2279.0	0.0455827349641
chrX	68100001	68200001	41489	1857.0	0.0447588517438
chrX	68200001	68300001	49913	2361.0	0.0473023060125
chrX	68300001	68400001	59289	2671.0	0.0450505152726
chrX	68400001	68500001	47019	2251.0	0.0478742635956
chrX	68500001	68600001	40601	1935.0	0.047658924657
chrX	68600001	68700001	26833	1289.0	0.0480378638244
chrX	68700001	68800001	46547	1940.0	0.0416783036501
chrX	68800001	68900001	27196	1093.0	0.0401897337844
chrX	68900001	69000001	22967	996.0	0.0433665694257
chrX	69000001	69100001	21866	944.0	0.0431720479283
chrX	69100001	69200001	39159	1640.0	0.0418805383181
chrX	69200001	69300001	43790	1994.0	0.0455355103905
chrX	69300001	69400001	38545	1805.0	0.0468283824102
chrX	69400001	69500001	39428	1795.0	0.0455260221163
chrX	69500001	69600001	39332	1616.0	0.0410861385132
chrX	69600001	69700001	43194	1666.0	0.0385701717831
chrX	69700001	69800001	35627	1419.0	0.0398293429141
chrX	69800001	69900001	15565	634.0	0.0407324124639
chrX	69900001	70000001	14553	636.0	0.0437023294166
chrX	70000001	70100001	18575	806.0	0.0433916554509
chrX	70100001	70200001	2984	129.0	0.0432305630027
chrX	70200001	70300001	18935	709.0	0.0374438869818
chrX	70300001	70400001	52064	1930.0	0.037069760295
chrX	70400001	70500001	31235	1209.0	0.038706579158
chrX	70500001	70600001	30169	1442.0	0.0477974079353
chrX	70600001	70700001	30370	1454.0	0.0478761936121
chrX	70700001	70800001	0	0.0	NA
chrX	70800001	70900001	0	0.0	NA
chrX	70900001	71000001	0	0.0	NA
chrX	71000001	71100001	0	0.0	NA
chrX	71100001	71200001	37541	1637.0	0.0436056578141
chrX	71200001	71300001	48725	2181.0	0.0447614161108
chrX	71300001	71400001	44936	1901.0	0.0423046110023
chrX	71400001	71500001	28856	1331.0	0.0461255891322
chrX	71500001	71600001	38880	1668.0	0.0429012345679
chrX	71600001	71700001	29609	1041.0	0.0351582289169
chrX	71700001	71800001	37436	1612.0	0.0430601559996
chrX	71800001	71900001	37104	1667.0	0.0449277705908
chrX	71900001	72000001	22884	1072.0	0.0468449571753
chrX	72000001	72100001	8030	423.0	0.0526774595268
chrX	72100001	72200001	10219	635.0	0.062139152559
chrX	72200001	72300001	8885	443.0	0.0498593134496
chrX	72300001	72400001	2862	119.0	0.0415793151642
chrX	72400001	72500001	11955	728.0	0.0608950230029
chrX	72500001	72600001	2898	165.0	0.0569358178054
chrX	72600001	72700001	16396	873.0	0.0532446938278
chrX	72700001	72800001	14083	653.0	0.0463679613719
chrX	72800001	72900001	8131	344.0	0.0423072192842
chrX	72900001	73000001	18004	879.0	0.0488224838925
chrX	73000001	73100001	43634	1938.0	0.0444149058074
chrX	73100001	73200001	13460	649.0	0.0482169390788
chrX	73200001	73300001	8093	428.0	0.0528852094403
chrX	73300001	73400001	13734	795.0	0.0578855395369
chrX	73400001	73500001	41767	1906.0	0.0456341130558
chrX	73500001	73600001	35747	1738.0	0.0486194645705
chrX	73600001	73700001	43071	2012.0	0.0467135659725
chrX	73700001	73800001	36998	1723.0	0.0465700848695
chrX	73800001	73900001	35267	1513.0	0.042901295829
chrX	73900001	74000001	24704	955.0	0.0386577072539
chrX	74000001	74100001	23763	1035.0	0.0435551066784
chrX	74100001	74200001	37467	1590.0	0.0424373448635
chrX	74200001	74300001	21637	928.0	0.0428894948468
chrX	74300001	74400001	27855	1230.0	0.0441572428648
chrX	74400001	74500001	10422	519.0	0.0497985031664
chrX	74500001	74600001	24115	1060.0	0.043956043956
chrX	74600001	74700001	18332	821.0	0.0447850752782
chrX	74700001	74800001	15957	789.0	0.0494453844708
chrX	74800001	74900001	19433	1120.0	0.0576339216796
chrX	74900001	75000001	17427	804.0	0.0461353072818
chrX	75000001	75100001	4114	212.0	0.0515313563442
chrX	75100001	75200001	5507	333.0	0.0604684946432
chrX	75200001	75300001	12229	727.0	0.0594488510917
chrX	75300001	75400001	15297	739.0	0.0483101261685
chrX	75400001	75500001	6802	362.0	0.053219641282
chrX	75500001	75600001	0	0.0	NA
chrX	75600001	75700001	3680	193.0	0.0524456521739
chrX	75700001	75800001	0	0.0	NA
chrX	75800001	75900001	0	0.0	NA
chrX	75900001	76000001	0	0.0	NA
chrX	76000001	76100001	0	0.0	NA
chrX	76100001	76200001	17322	958.0	0.0553053919871
chrX	76200001	76300001	23427	1418.0	0.060528450079
chrX	76300001	76400001	15076	992.0	0.0657999469355
chrX	76400001	76500001	2602	145.0	0.0557263643351
chrX	76500001	76600001	7185	400.0	0.0556715379262
chrX	76600001	76700001	17837	820.0	0.0459718562539
chrX	76700001	76800001	28757	1130.0	0.0392947804013
chrX	76800001	76900001	28436	1284.0	0.0451540301027
chrX	76900001	77000001	30786	1256.0	0.040797765218
chrX	77000001	77100001	21228	975.0	0.0459299039005
chrX	77100001	77200001	35403	1696.0	0.0479055447278
chrX	77200001	77300001	33449	1469.0	0.0439176059075
chrX	77300001	77400001	37478	1719.0	0.0458669085864
chrX	77400001	77500001	12033	585.0	0.0486163051608
chrX	77500001	77600001	23086	1118.0	0.0484276184701
chrX	77600001	77700001	6757	373.0	0.0552020127275
chrX	77700001	77800001	21187	1234.0	0.0582432623779
chrX	77800001	77900001	12547	710.0	0.0565872320077
chrX	77900001	78000001	39976	2299.0	0.0575095057034
chrX	78000001	78100001	30759	1679.0	0.0545856497285
chrX	78100001	78200001	20417	1245.0	0.0609785962678
chrX	78200001	78300001	6823	394.0	0.0577458595926
chrX	78300001	78400001	28064	1648.0	0.0587229190422
chrX	78400001	78500001	34919	2058.0	0.0589363956585
chrX	78500001	78600001	25702	1556.0	0.0605400357949
chrX	78600001	78700001	33122	1723.0	0.0520198055673
chrX	78700001	78800001	4345	266.0	0.0612197928654
chrX	78800001	78900001	24758	1431.0	0.0577994991518
chrX	78900001	79000001	14572	843.0	0.0578506725226
chrX	79000001	79100001	8486	462.0	0.0544426113599
chrX	79100001	79200001	2104	136.0	0.06463878327
chrX	79200001	79300001	24533	1299.0	0.0529490889822
chrX	79300001	79400001	21062	1068.0	0.0507074351913
chrX	79400001	79500001	4753	230.0	0.0483904902167
chrX	79500001	79600001	34070	1778.0	0.0521866744937
chrX	79600001	79700001	22689	1149.0	0.0506412799154
chrX	79700001	79800001	17919	996.0	0.0555834588984
chrX	79800001	79900001	4551	246.0	0.0540540540541
chrX	79900001	80000001	46272	2074.0	0.044821922545
chrX	80000001	80100001	28010	1262.0	0.0450553373795
chrX	80100001	80200001	14022	713.0	0.0508486663814
chrX	80200001	80300001	16096	884.0	0.0549204771372
chrX	80300001	80400001	22612	1074.0	0.0474969042986
chrX	80400001	80500001	30626	1615.0	0.0527329719846
chrX	80500001	80600001	24287	1242.0	0.0511384691399
chrX	80600001	80700001	42031	2479.0	0.0589802764626
chrX	80700001	80800001	12614	780.0	0.0618360551768
chrX	80800001	80900001	12970	802.0	0.0618350038551
chrX	80900001	81000001	6843	457.0	0.0667835744556
chrX	81000001	81100001	16909	1017.0	0.0601454846531
chrX	81100001	81200001	18765	1163.0	0.0619770849987
chrX	81200001	81300001	10018	642.0	0.0640846476343
chrX	81300001	81400001	0	0.0	NA
chrX	81400001	81500001	5064	302.0	0.0596366508689
chrX	81500001	81600001	19012	1142.0	0.0600673258994
chrX	81600001	81700001	15748	954.0	0.0605791211582
chrX	81700001	81800001	16038	895.0	0.0558049632124
chrX	81800001	81900001	14904	868.0	0.0582393988191
chrX	81900001	82000001	31264	1672.0	0.0534800409417
chrX	82000001	82100001	24226	1410.0	0.0582019318088
chrX	82100001	82200001	9872	600.0	0.0607779578606
chrX	82200001	82300001	10554	611.0	0.0578927420883
chrX	82300001	82400001	14859	933.0	0.0627902281446
chrX	82400001	82500001	6458	351.0	0.0543511923196
chrX	82500001	82600001	28285	1622.0	0.0573448824465
chrX	82600001	82700001	17774	1016.0	0.0571621469562
chrX	82700001	82800001	46947	2432.0	0.0518030971095
chrX	82800001	82900001	18730	1213.0	0.0647624132408
chrX	82900001	83000001	6821	412.0	0.0604017006304
chrX	83000001	83100001	14731	816.0	0.0553933880931
chrX	83100001	83200001	17030	972.0	0.0570757486788
chrX	83200001	83300001	9655	578.0	0.0598653547385
chrX	83300001	83400001	28728	1299.0	0.0452172096909
chrX	83400001	83500001	54124	2653.0	0.0490170719089
chrX	83500001	83600001	37157	2009.0	0.0540678741556
chrX	83600001	83700001	18885	1128.0	0.0597299444003
chrX	83700001	83800001	35774	1918.0	0.0536143567954
chrX	83800001	83900001	18872	1061.0	0.056220856295
chrX	83900001	84000001	16740	932.0	0.0556750298686
chrX	84000001	84100001	31328	1785.0	0.0569777834525
chrX	84100001	84200001	32119	1991.0	0.061988231265
chrX	84200001	84300001	19225	1020.0	0.053055916775
chrX	84300001	84400001	34452	1729.0	0.050185765703
chrX	84400001	84500001	26538	1325.0	0.049928404552
chrX	84500001	84600001	39893	1767.0	0.0442934850726
chrX	84600001	84700001	23537	1235.0	0.0524705782385
chrX	84700001	84800001	39800	2158.0	0.0542211055276
chrX	84800001	84900001	16297	910.0	0.055838497883
chrX	84900001	85000001	9704	628.0	0.0647155812036
chrX	85000001	85100001	13478	766.0	0.056833358065
chrX	85100001	85200001	50958	2498.0	0.0490207621963
chrX	85200001	85300001	37982	1898.0	0.0499710389132
chrX	85300001	85400001	30946	1714.0	0.0553868028178
chrX	85400001	85500001	50201	2450.0	0.0488038086891
chrX	85500001	85600001	35000	1891.0	0.0540285714286
chrX	85600001	85700001	49067	2558.0	0.0521327980109
chrX	85700001	85800001	43225	2439.0	0.0564256795836
chrX	85800001	85900001	29418	1719.0	0.0584336120742
chrX	85900001	86000001	49745	2792.0	0.0561262438436
chrX	86000001	86100001	51111	2757.0	0.0539414216118
chrX	86100001	86200001	20434	1220.0	0.0597044142116
chrX	86200001	86300001	12492	770.0	0.0616394492475
chrX	86300001	86400001	13536	839.0	0.0619828605201
chrX	86400001	86500001	9283	528.0	0.0568781643865
chrX	86500001	86600001	24585	1471.0	0.0598332316453
chrX	86600001	86700001	27001	1494.0	0.0553312840265
chrX	86700001	86800001	33399	2016.0	0.0603610886553
chrX	86800001	86900001	31188	1803.0	0.0578106964217
chrX	86900001	87000001	29962	1757.0	0.0586409451972
chrX	87000001	87100001	27183	1571.0	0.0577934738623
chrX	87100001	87200001	29922	1771.0	0.0591872201056
chrX	87200001	87300001	21379	1251.0	0.0585153655456
chrX	87300001	87400001	41771	2420.0	0.0579349309329
chrX	87400001	87500001	17010	1015.0	0.059670781893
chrX	87500001	87600001	15615	918.0	0.0587896253602
chrX	87600001	87700001	32529	1966.0	0.0604383780627
chrX	87700001	87800001	24481	1475.0	0.0602508067481
chrX	87800001	87900001	14122	853.0	0.0604022093188
chrX	87900001	88000001	18689	1104.0	0.0590721814971
chrX	88000001	88100001	14617	817.0	0.0558938222618
chrX	88100001	88200001	24420	1427.0	0.0584357084357
chrX	88200001	88300001	25303	1491.0	0.0589258190728
chrX	88300001	88400001	22394	1398.0	0.0624274359203
chrX	88400001	88500001	28035	1745.0	0.0622436240414
chrX	88500001	88600001	11681	688.0	0.0588990668607
chrX	88600001	88700001	33490	1971.0	0.0588533890714
chrX	88700001	88800001	21315	1307.0	0.0613183204316
chrX	88800001	88900001	20251	1246.0	0.0615278257864
chrX	88900001	89000001	16564	899.0	0.054274329872
chrX	89000001	89100001	17557	978.0	0.0557042774962
chrX	89100001	89200001	26886	1551.0	0.0576880160678
chrX	89200001	89300001	15508	955.0	0.0615811194222
chrX	89300001	89400001	22777	1336.0	0.0586556614128
chrX	89400001	89500001	23182	1312.0	0.056595634544
chrX	89500001	89600001	19037	1152.0	0.060513736408
chrX	89600001	89700001	23174	1391.0	0.0600241650125
chrX	89700001	89800001	16744	1075.0	0.0642021022456
chrX	89800001	89900001	19397	1228.0	0.0633087590865
chrX	89900001	90000001	21449	1353.0	0.0630798638631
chrX	90000001	90100001	20098	1263.0	0.0628420738382
chrX	90100001	90200001	22452	1346.0	0.0599501158026
chrX	90200001	90300001	13877	868.0	0.0625495424083
chrX	90300001	90400001	24638	1373.0	0.0557269258868
chrX	90400001	90500001	22613	1338.0	0.0591695042675
chrX	90500001	90600001	13071	764.0	0.0584500038253
chrX	90600001	90700001	19287	1116.0	0.0578628091461
chrX	90700001	90800001	23881	1382.0	0.0578702734391
chrX	90800001	90900001	30679	1803.0	0.0587698425633
chrX	90900001	91000001	24440	1393.0	0.0569967266776
chrX	91000001	91100001	65081	3259.0	0.0500760590649
chrX	91100001	91200001	48048	2377.0	0.0494713619714
chrX	91200001	91300001	34211	1895.0	0.0553915407325
chrX	91300001	91400001	45130	2344.0	0.0519388433415
chrX	91400001	91500001	44839	2368.0	0.0528111688485
chrX	91500001	91600001	46867	2562.0	0.0546653295496
chrX	91600001	91700001	49884	2722.0	0.0545665944992
chrX	91700001	91800001	42971	2355.0	0.0548044029694
chrX	91800001	91900001	24677	1464.0	0.0593264983588
chrX	91900001	92000001	16054	914.0	0.0569328516258
chrX	92000001	92100001	17418	1006.0	0.0577563440119
chrX	92100001	92200001	21275	1196.0	0.0562162162162
chrX	92200001	92300001	20239	1121.0	0.0553881120609
chrX	92300001	92400001	13888	852.0	0.0613479262673
chrX	92400001	92500001	26616	1652.0	0.0620679290652
chrX	92500001	92600001	23213	1435.0	0.0618188084263
chrX	92600001	92700001	25928	1512.0	0.0583153347732
chrX	92700001	92800001	35266	1917.0	0.05435830545
chrX	92800001	92900001	27127	1463.0	0.0539315073543
chrX	92900001	93000001	38138	1927.0	0.050527033405
chrX	93000001	93100001	46919	2592.0	0.0552441441633
chrX	93100001	93200001	26217	1647.0	0.0628218331617
chrX	93200001	93300001	21233	1229.0	0.0578815993972
chrX	93300001	93400001	37729	2145.0	0.0568528187866
chrX	93400001	93500001	33720	1925.0	0.0570877817319
chrX	93500001	93600001	31638	1852.0	0.0585372020987
chrX	93600001	93700001	26388	1528.0	0.0579051083826
chrX	93700001	93800001	19365	1154.0	0.0595920475084
chrX	93800001	93900001	28104	1721.0	0.0612368346143
chrX	93900001	94000001	6898	412.0	0.059727457234
chrX	94000001	94100001	13227	828.0	0.0625992288501
chrX	94100001	94200001	8497	550.0	0.0647287277863
chrX	94200001	94300001	9465	520.0	0.0549392498679
chrX	94300001	94400001	12207	714.0	0.058491029737
chrX	94400001	94500001	10981	624.0	0.0568254257354
chrX	94500001	94600001	12933	782.0	0.0604654759143
chrX	94600001	94700001	34036	1794.0	0.0527088964626
chrX	94700001	94800001	26256	1407.0	0.0535877513711
chrX	94800001	94900001	25074	1251.0	0.0498923187365
chrX	94900001	95000001	50418	2389.0	0.0473838708398
chrX	95000001	95100001	32954	1564.0	0.0474600958912
chrX	95100001	95200001	34614	1657.0	0.047870803721
chrX	95200001	95300001	32256	1575.0	0.048828125
chrX	95300001	95400001	27937	1316.0	0.0471059884741
chrX	95400001	95500001	29445	1399.0	0.0475123110885
chrX	95500001	95600001	19874	1021.0	0.0513736540203
chrX	95600001	95700001	47947	2097.0	0.0437357916032
chrX	95700001	95800001	39563	1779.0	0.0449662563506
chrX	95800001	95900001	44272	2030.0	0.045852909288
chrX	95900001	96000001	52248	2296.0	0.0439442658092
chrX	96000001	96100001	49402	2159.0	0.0437026841019
chrX	96100001	96200001	59452	2700.0	0.0454147884007
chrX	96200001	96300001	54817	2459.0	0.0448583468632
chrX	96300001	96400001	63860	2846.0	0.044566238647
chrX	96400001	96500001	54370	2428.0	0.0446569799522
chrX	96500001	96600001	51749	2236.0	0.0432085644167
chrX	96600001	96700001	55084	2399.0	0.0435516665456
chrX	96700001	96800001	56065	2339.0	0.0417194328012
chrX	96800001	96900001	59896	2535.0	0.0423233604915
chrX	96900001	97000001	42499	1896.0	0.0446128144192
chrX	97000001	97100001	39820	1835.0	0.046082370668
chrX	97100001	97200001	49105	2184.0	0.0444761225944
chrX	97200001	97300001	38693	1794.0	0.046364975577
chrX	97300001	97400001	30284	1440.0	0.0475498613129
chrX	97400001	97500001	42532	1865.0	0.0438493369698
chrX	97500001	97600001	35628	1633.0	0.0458347367239
chrX	97600001	97700001	32793	1521.0	0.046381849785
chrX	97700001	97800001	38424	1947.0	0.0506714553404
chrX	97800001	97900001	25117	1362.0	0.0542262212844
chrX	97900001	98000001	26906	1295.0	0.0481305285067
chrX	98000001	98100001	42345	2041.0	0.0481993151494
chrX	98100001	98200001	25036	1377.0	0.0550007988497
chrX	98200001	98300001	42286	2122.0	0.0501820933642
chrX	98300001	98400001	33515	1699.0	0.0506937192302
chrX	98400001	98500001	18874	996.0	0.0527710077355
chrX	98500001	98600001	33192	1667.0	0.050222945288
chrX	98600001	98700001	13568	774.0	0.057045990566
chrX	98700001	98800001	24441	1142.0	0.0467247657624
chrX	98800001	98900001	20189	998.0	0.0494328594779
chrX	98900001	99000001	52555	2516.0	0.0478736561697
chrX	99000001	99100001	17840	876.0	0.0491031390135
chrX	99100001	99200001	36899	1764.0	0.047806173609
chrX	99200001	99300001	48141	2313.0	0.0480463638063
chrX	99300001	99400001	38781	1723.0	0.0444289729507
chrX	99400001	99500001	37568	1656.0	0.0440800681431
chrX	99500001	99600001	52304	2120.0	0.0405322728663
chrX	99600001	99700001	66271	2543.0	0.0383727422251
chrX	99700001	99800001	26806	1162.0	0.0433485040663
chrX	99800001	99900001	42290	1739.0	0.0411208323481
chrX	99900001	100000001	45853	1997.0	0.0435522212287
chrX	100000001	100100001	28188	1167.0	0.0414005959983
chrX	100100001	100200001	39023	1738.0	0.0445378366604
chrX	100200001	100300001	28421	1291.0	0.0454241581929
chrX	100300001	100400001	35378	1462.0	0.0413251173045
chrX	100400001	100500001	34519	1424.0	0.0412526434717
chrX	100500001	100600001	34408	1504.0	0.0437107649384
chrX	100600001	100700001	45345	1938.0	0.0427390009924
chrX	100700001	100800001	17102	774.0	0.0452578645772
chrX	100800001	100900001	41232	1846.0	0.0447710516104
chrX	100900001	101000001	41949	1947.0	0.0464135021097
chrX	101000001	101100001	24631	1214.0	0.0492874832528
chrX	101100001	101200001	29374	1356.0	0.0461632736434
chrX	101200001	101300001	23219	1180.0	0.0508204487704
chrX	101300001	101400001	8639	481.0	0.0556777404792
chrX	101400001	101500001	24715	1308.0	0.0529233259154
chrX	101500001	101600001	17120	856.0	0.05
chrX	101600001	101700001	17746	881.0	0.0496449904204
chrX	101700001	101800001	27297	1478.0	0.054145144155
chrX	101800001	101900001	32921	1494.0	0.0453813675162
chrX	101900001	102000001	24676	1155.0	0.0468066137137
chrX	102000001	102100001	38382	1748.0	0.0455421812308
chrX	102100001	102200001	42848	2041.0	0.0476334951456
chrX	102200001	102300001	7691	320.0	0.0416070732024
chrX	102300001	102400001	29359	1476.0	0.0502741919003
chrX	102400001	102500001	30084	1564.0	0.0519877675841
chrX	102500001	102600001	30350	1350.0	0.0444810543657
chrX	102600001	102700001	33572	1456.0	0.0433694745621
chrX	102700001	102800001	46067	2110.0	0.0458028523672
chrX	102800001	102900001	33039	1447.0	0.0437967250825
chrX	102900001	103000001	51982	2393.0	0.046035166019
chrX	103000001	103100001	52708	2244.0	0.0425741822873
chrX	103100001	103200001	24895	1431.0	0.0574814219723
chrX	103200001	103300001	0	0.0	NA
chrX	103300001	103400001	5412	262.0	0.0484109386548
chrX	103400001	103500001	51806	2349.0	0.0453422383508
chrX	103500001	103600001	39420	1748.0	0.0443429731101
chrX	103600001	103700001	42562	1906.0	0.0447817301819
chrX	103700001	103800001	32305	1411.0	0.0436774493113
chrX	103800001	103900001	35986	1724.0	0.047907519591
chrX	103900001	104000001	51036	2375.0	0.046535778666
chrX	104000001	104100001	44327	2158.0	0.048683646536
chrX	104100001	104200001	40532	1881.0	0.0464077765716
chrX	104200001	104300001	43492	1996.0	0.0458934976547
chrX	104300001	104400001	48765	2339.0	0.0479647288014
chrX	104400001	104500001	44003	2223.0	0.0505192827762
chrX	104500001	104600001	43442	2088.0	0.0480640854473
chrX	104600001	104700001	42503	2048.0	0.0481848340117
chrX	104700001	104800001	49063	2297.0	0.0468173572753
chrX	104800001	104900001	45430	2191.0	0.0482280431433
chrX	104900001	105000001	38359	1771.0	0.0461690867854
chrX	105000001	105100001	59966	2714.0	0.0452589800887
chrX	105100001	105200001	63847	3025.0	0.0473788901593
chrX	105200001	105300001	25318	1215.0	0.0479895726361
chrX	105300001	105400001	12884	685.0	0.0531667184104
chrX	105400001	105500001	35781	1669.0	0.0466448673877
chrX	105500001	105600001	24973	1424.0	0.05702158331
chrX	105600001	105700001	39601	2106.0	0.0531804752405
chrX	105700001	105800001	21240	1045.0	0.0491996233522
chrX	105800001	105900001	28814	1372.0	0.0476157423475
chrX	105900001	106000001	46174	2066.0	0.0447437952094
chrX	106000001	106100001	43277	1890.0	0.0436721584213
chrX	106100001	106200001	43876	1860.0	0.0423921961893
chrX	106200001	106300001	33962	1633.0	0.0480831517578
chrX	106300001	106400001	24976	1155.0	0.0462443946188
chrX	106400001	106500001	35928	1585.0	0.0441160097974
chrX	106500001	106600001	36000	1797.0	0.0499166666667
chrX	106600001	106700001	34882	1614.0	0.0462702826673
chrX	106700001	106800001	61390	2712.0	0.0441765759896
chrX	106800001	106900001	44159	1748.0	0.0395842297153
chrX	106900001	107000001	56027	2297.0	0.0409980902065
chrX	107000001	107100001	50208	2208.0	0.0439770554493
chrX	107100001	107200001	35704	1632.0	0.0457091642393
chrX	107200001	107300001	33783	1687.0	0.0499363585235
chrX	107300001	107400001	49527	2167.0	0.0437539120076
chrX	107400001	107500001	63147	2736.0	0.0433274739893
chrX	107500001	107600001	50650	2197.0	0.0433761105627
chrX	107600001	107700001	47717	2198.0	0.0460632478991
chrX	107700001	107800001	22189	1050.0	0.047320744513
chrX	107800001	107900001	37255	1666.0	0.0447188296873
chrX	107900001	108000001	46916	2050.0	0.043695114673
chrX	108000001	108100001	9607	499.0	0.0519412928073
chrX	108100001	108200001	14299	769.0	0.0537799846143
chrX	108200001	108300001	21046	1109.0	0.0526940986411
chrX	108300001	108400001	16011	862.0	0.0538379863844
chrX	108400001	108500001	11871	658.0	0.0554291972033
chrX	108500001	108600001	31336	1621.0	0.0517296400306
chrX	108600001	108700001	51900	2236.0	0.0430828516378
chrX	108700001	108800001	30565	1413.0	0.0462293472927
chrX	108800001	108900001	38025	1795.0	0.0472057856673
chrX	108900001	109000001	49527	2195.0	0.0443192602015
chrX	109000001	109100001	43162	2017.0	0.0467309207173
chrX	109100001	109200001	36376	1805.0	0.0496206289861
chrX	109200001	109300001	48803	2130.0	0.0436448578981
chrX	109300001	109400001	35882	1694.0	0.0472103004292
chrX	109400001	109500001	59034	2317.0	0.0392485686215
chrX	109500001	109600001	49940	2002.0	0.0400881057269
chrX	109600001	109700001	53625	2201.0	0.0410442890443
chrX	109700001	109800001	32335	1548.0	0.0478738209371
chrX	109800001	109900001	12051	553.0	0.0458883080242
chrX	109900001	110000001	57643	2672.0	0.0463542841282
chrX	110000001	110100001	40094	1806.0	0.0450441462563
chrX	110100001	110200001	33323	1630.0	0.0489151637007
chrX	110200001	110300001	39495	1868.0	0.0472971262185
chrX	110300001	110400001	58772	2576.0	0.0438303954264
chrX	110400001	110500001	55733	2346.0	0.0420935531911
chrX	110500001	110600001	56586	2496.0	0.0441098504931
chrX	110600001	110700001	47816	2064.0	0.0431654676259
chrX	110700001	110800001	37963	1694.0	0.0446223954903
chrX	110800001	110900001	24014	1184.0	0.0493045723328
chrX	110900001	111000001	41367	1830.0	0.0442381608529
chrX	111000001	111100001	42296	1957.0	0.0462691507471
chrX	111100001	111200001	50810	2515.0	0.0494981302893
chrX	111200001	111300001	35569	1851.0	0.0520396974894
chrX	111300001	111400001	35622	1811.0	0.0508393689293
chrX	111400001	111500001	42962	2330.0	0.0542339742098
chrX	111500001	111600001	44313	2333.0	0.0526482070724
chrX	111600001	111700001	31215	1584.0	0.0507448342143
chrX	111700001	111800001	24066	1359.0	0.0564697083022
chrX	111800001	111900001	33950	1748.0	0.0514874815906
chrX	111900001	112000001	44149	2139.0	0.0484495685066
chrX	112000001	112100001	67686	2831.0	0.0418254882841
chrX	112100001	112200001	49039	2231.0	0.0454944024144
chrX	112200001	112300001	34939	1676.0	0.0479693179541
chrX	112300001	112400001	13934	741.0	0.053179273719
chrX	112400001	112500001	20003	1048.0	0.0523921411788
chrX	112500001	112600001	28572	1413.0	0.0494540109198
chrX	112600001	112700001	17286	814.0	0.0470901307416
chrX	112700001	112800001	30325	1547.0	0.0510140148392
chrX	112800001	112900001	24058	1241.0	0.0515836727908
chrX	112900001	113000001	29644	1637.0	0.0552219673458
chrX	113000001	113100001	37527	2043.0	0.0544408026221
chrX	113100001	113200001	30458	1638.0	0.0537789743253
chrX	113200001	113300001	24413	1241.0	0.0508335722771
chrX	113300001	113400001	35745	1802.0	0.0504126451252
chrX	113400001	113500001	25170	1258.0	0.0499801350814
chrX	113500001	113600001	18887	1042.0	0.0551702229046
chrX	113600001	113700001	37433	1992.0	0.0532150776053
chrX	113700001	113800001	33250	1751.0	0.0526616541353
chrX	113800001	113900001	60948	3169.0	0.0519951434009
chrX	113900001	114000001	50050	2647.0	0.0528871128871
chrX	114000001	114100001	31794	1704.0	0.0535950179279
chrX	114100001	114200001	19825	995.0	0.0501891551072
chrX	114200001	114300001	39210	2059.0	0.0525121142566
chrX	114300001	114400001	31684	1471.0	0.0464272187855
chrX	114400001	114500001	32232	1435.0	0.0445209729461
chrX	114500001	114600001	42480	2144.0	0.0504708097928
chrX	114600001	114700001	50826	2368.0	0.046590327785
chrX	114700001	114800001	34160	1612.0	0.0471896955504
chrX	114800001	114900001	53409	2319.0	0.0434196483739
chrX	114900001	115000001	674	41.0	0.0608308605341
chrX	115000001	115100001	0	0.0	NA
chrX	115100001	115200001	15703	851.0	0.0541934662166
chrX	115200001	115300001	15030	810.0	0.0538922155689
chrX	115300001	115400001	27026	1480.0	0.0547620809591
chrX	115400001	115500001	31851	1625.0	0.0510188063169
chrX	115500001	115600001	45882	2231.0	0.0486247330108
chrX	115600001	115700001	8537	420.0	0.0491976104018
chrX	115700001	115800001	12894	653.0	0.0506437102528
chrX	115800001	115900001	19248	1036.0	0.0538237738986
chrX	115900001	116000001	13717	711.0	0.0518334912882
chrX	116000001	116100001	16640	914.0	0.0549278846154
chrX	116100001	116200001	22556	1246.0	0.0552402908317
chrX	116200001	116300001	23433	1291.0	0.0550932445696
chrX	116300001	116400001	17159	939.0	0.0547234687336
chrX	116400001	116500001	24090	1307.0	0.0542548775425
chrX	116500001	116600001	34497	1784.0	0.0517146418529
chrX	116600001	116700001	36854	1787.0	0.0484886308135
chrX	116700001	116800001	30298	1484.0	0.0489801307017
chrX	116800001	116900001	36310	1663.0	0.0458000550812
chrX	116900001	117000001	37533	1916.0	0.0510484107319
chrX	117000001	117100001	50730	2397.0	0.0472501478415
chrX	117100001	117200001	47332	2052.0	0.0433533338967
chrX	117200001	117300001	40800	1860.0	0.0455882352941
chrX	117300001	117400001	42246	1799.0	0.0425839132699
chrX	117400001	117500001	36316	1640.0	0.0451591584976
chrX	117500001	117600001	36157	1578.0	0.0436430013552
chrX	117600001	117700001	48567	2199.0	0.0452776576688
chrX	117700001	117800001	55719	2427.0	0.0435578527971
chrX	117800001	117900001	41676	1933.0	0.0463816105192
chrX	117900001	118000001	41258	1966.0	0.0476513645838
chrX	118000001	118100001	25686	1213.0	0.0472241688079
chrX	118100001	118200001	51042	2416.0	0.0473335684338
chrX	118200001	118300001	54332	2627.0	0.0483508797762
chrX	118300001	118400001	53055	2446.0	0.046103100556
chrX	118400001	118500001	24678	1169.0	0.0473701272388
chrX	118500001	118600001	26788	1202.0	0.0448708376885
chrX	118600001	118700001	32196	1538.0	0.0477699093055
chrX	118700001	118800001	48058	1928.0	0.0401181905198
chrX	118800001	118900001	32362	1390.0	0.0429516099129
chrX	118900001	119000001	28938	1422.0	0.0491395397056
chrX	119000001	119100001	28230	1244.0	0.04406659582
chrX	119100001	119200001	0	0.0	NA
chrX	119200001	119300001	31099	1740.0	0.0559503521014
chrX	119300001	119400001	32186	1353.0	0.042036910458
chrX	119400001	119500001	51408	2142.0	0.0416666666667
chrX	119500001	119600001	46349	2013.0	0.0434313577423
chrX	119600001	119700001	39576	1598.0	0.0403780068729
chrX	119700001	119800001	32808	1342.0	0.0409046574006
chrX	119800001	119900001	34697	1635.0	0.0471222295876
chrX	119900001	120000001	30186	1382.0	0.0457828132247
chrX	120000001	120100001	0	0.0	NA
chrX	120100001	120200001	2346	118.0	0.0502983802217
chrX	120200001	120300001	30505	1353.0	0.044353384691
chrX	120300001	120400001	29461	1377.0	0.0467397576457
chrX	120400001	120500001	32137	1479.0	0.0460217195133
chrX	120500001	120600001	10308	504.0	0.0488940628638
chrX	120600001	120700001	30285	1629.0	0.0537890044577
chrX	120700001	120800001	34459	1743.0	0.0505818508953
chrX	120800001	120900001	25078	1276.0	0.0508812504984
chrX	120900001	121000001	17535	887.0	0.0505845451953
chrX	121000001	121100001	22520	1094.0	0.0485790408526
chrX	121100001	121200001	25988	1408.0	0.0541788517777
chrX	121200001	121300001	25716	1433.0	0.0557240628403
chrX	121300001	121400001	27287	1473.0	0.0539817495511
chrX	121400001	121500001	12040	663.0	0.0550664451827
chrX	121500001	121600001	21303	1098.0	0.0515420363329
chrX	121600001	121700001	24093	1296.0	0.0537915577139
chrX	121700001	121800001	25206	1316.0	0.0522097913195
chrX	121800001	121900001	24001	1269.0	0.0528727969668
chrX	121900001	122000001	33952	1668.0	0.0491281809614
chrX	122000001	122100001	30125	1373.0	0.0455767634855
chrX	122100001	122200001	38146	1789.0	0.0468987574058
chrX	122200001	122300001	32173	1459.0	0.0453485842166
chrX	122300001	122400001	70344	2891.0	0.0410980325259
chrX	122400001	122500001	61597	2584.0	0.0419500949722
chrX	122500001	122600001	57221	2362.0	0.0412785515807
chrX	122600001	122700001	40560	1632.0	0.0402366863905
chrX	122700001	122800001	45006	1883.0	0.041838865929
chrX	122800001	122900001	33541	1495.0	0.0445723144808
chrX	122900001	123000001	23462	1150.0	0.0490154292047
chrX	123000001	123100001	38068	1450.0	0.0380897341599
chrX	123100001	123200001	49957	2305.0	0.0461396801249
chrX	123200001	123300001	27152	1105.0	0.040696817914
chrX	123300001	123400001	36978	1709.0	0.046216669371
chrX	123400001	123500001	38648	1697.0	0.0439091285448
chrX	123500001	123600001	61891	2431.0	0.0392787319643
chrX	123600001	123700001	64018	2639.0	0.0412227810928
chrX	123700001	123800001	46920	1997.0	0.0425618073316
chrX	123800001	123900001	49675	2157.0	0.0434222445898
chrX	123900001	124000001	52786	2238.0	0.0423976054257
chrX	124000001	124100001	50214	2188.0	0.0435735053969
chrX	124100001	124200001	50313	2443.0	0.0485560391946
chrX	124200001	124300001	60177	2780.0	0.0461970520298
chrX	124300001	124400001	55591	2461.0	0.0442697558957
chrX	124400001	124500001	27018	1349.0	0.049929676512
chrX	124500001	124600001	33669	1653.0	0.0490956072351
chrX	124600001	124700001	23945	1247.0	0.0520776780121
chrX	124700001	124800001	12998	724.0	0.055700877058
chrX	124800001	124900001	22403	1116.0	0.0498147569522
chrX	124900001	125000001	23246	1156.0	0.0497289856319
chrX	125000001	125100001	14710	792.0	0.0538409245411
chrX	125100001	125200001	18925	956.0	0.0505151915456
chrX	125200001	125300001	19562	1037.0	0.0530109395767
chrX	125300001	125400001	35378	1869.0	0.0528294420261
chrX	125400001	125500001	32073	1781.0	0.0555295731612
chrX	125500001	125600001	19910	1136.0	0.0570567553993
chrX	125600001	125700001	28665	1493.0	0.052084423513
chrX	125700001	125800001	31002	1676.0	0.0540610283208
chrX	125800001	125900001	42698	2244.0	0.0525551548082
chrX	125900001	126000001	30947	1697.0	0.0548356868194
chrX	126000001	126100001	17392	850.0	0.0488730450782
chrX	126100001	126200001	25976	1478.0	0.0568986757006
chrX	126200001	126300001	19503	1150.0	0.0589652873917
chrX	126300001	126400001	23374	1260.0	0.0539060494567
chrX	126400001	126500001	31366	1845.0	0.0588216540203
chrX	126500001	126600001	28702	1586.0	0.0552574733468
chrX	126600001	126700001	23787	1343.0	0.0564594106024
chrX	126700001	126800001	32200	1886.0	0.0585714285714
chrX	126800001	126900001	19982	1110.0	0.0555499949955
chrX	126900001	127000001	15199	901.0	0.0592802158037
chrX	127000001	127100001	11207	645.0	0.0575533148925
chrX	127100001	127200001	11395	603.0	0.0529179464677
chrX	127200001	127300001	10733	570.0	0.0531072393553
chrX	127300001	127400001	12957	747.0	0.0576522343135
chrX	127400001	127500001	35772	1773.0	0.04956390473
chrX	127500001	127600001	36335	1819.0	0.050061923765
chrX	127600001	127700001	26876	1333.0	0.0495981544873
chrX	127700001	127800001	53571	2507.0	0.046797707715
chrX	127800001	127900001	39170	1870.0	0.0477406178198
chrX	127900001	128000001	40183	1879.0	0.0467610681134
chrX	128000001	128100001	47977	2273.0	0.0473768680826
chrX	128100001	128200001	44000	2161.0	0.0491136363636
chrX	128200001	128300001	53735	2274.0	0.0423187866381
chrX	128300001	128400001	34214	1451.0	0.0424095399544
chrX	128400001	128500001	24201	1126.0	0.0465270030164
chrX	128500001	128600001	31093	1312.0	0.0421959926672
chrX	128600001	128700001	48904	2141.0	0.0437796499264
chrX	128700001	128800001	55830	2573.0	0.0460863335124
chrX	128800001	128900001	38803	1985.0	0.0511558384661
chrX	128900001	129000001	49149	2104.0	0.0428086024131
chrX	129000001	129100001	40856	1768.0	0.0432739377325
chrX	129100001	129200001	51133	2081.0	0.0406977881212
chrX	129200001	129300001	54366	2241.0	0.0412206158261
chrX	129300001	129400001	47300	2228.0	0.0471035940803
chrX	129400001	129500001	31143	1428.0	0.0458530006743
chrX	129500001	129600001	45366	2115.0	0.0466208173522
chrX	129600001	129700001	40629	2002.0	0.0492751482931
chrX	129700001	129800001	42746	1905.0	0.044565573387
chrX	129800001	129900001	53019	2267.0	0.0427582564741
chrX	129900001	130000001	49992	2055.0	0.0411065770523
chrX	130000001	130100001	38388	1657.0	0.0431645305825
chrX	130100001	130200001	47888	2141.0	0.0447084864684
chrX	130200001	130300001	23083	1006.0	0.0435818567777
chrX	130300001	130400001	50081	2326.0	0.0464447594896
chrX	130400001	130500001	51644	2295.0	0.0444388505925
chrX	130500001	130600001	33636	1733.0	0.0515221786181
chrX	130600001	130700001	28589	1488.0	0.0520479904859
chrX	130700001	130800001	36238	1787.0	0.0493128759865
chrX	130800001	130900001	36429	2212.0	0.0607208542645
chrX	130900001	131000001	44666	2383.0	0.0533515425603
chrX	131000001	131100001	19023	955.0	0.0502023865847
chrX	131100001	131200001	58894	2739.0	0.0465072842734
chrX	131200001	131300001	41839	1856.0	0.0443605248691
chrX	131300001	131400001	44154	1857.0	0.0420573447479
chrX	131400001	131500001	23512	1048.0	0.0445729840082
chrX	131500001	131600001	70180	2749.0	0.0391707039042
chrX	131600001	131700001	50277	2223.0	0.0442150486306
chrX	131700001	131800001	57000	2638.0	0.0462807017544
chrX	131800001	131900001	66679	2811.0	0.0421572009178
chrX	131900001	132000001	58048	2609.0	0.0449455622933
chrX	132000001	132100001	41007	1914.0	0.046674957934
chrX	132100001	132200001	49025	2219.0	0.0452626211117
chrX	132200001	132300001	36260	1692.0	0.0466629895201
chrX	132300001	132400001	47819	2184.0	0.0456722223384
chrX	132400001	132500001	65536	2836.0	0.0432739257812
chrX	132500001	132600001	50737	2126.0	0.041902359225
chrX	132600001	132700001	49352	2028.0	0.0410925595721
chrX	132700001	132800001	50931	1987.0	0.0390135673755
chrX	132800001	132900001	54629	2236.0	0.0409306412345
chrX	132900001	133000001	62952	2545.0	0.0404276273987
chrX	133000001	133100001	62099	2419.0	0.0389539284046
chrX	133100001	133200001	45833	1750.0	0.0381820958698
chrX	133200001	133300001	26713	1191.0	0.0445850335043
chrX	133300001	133400001	39829	1608.0	0.0403725928344
chrX	133400001	133500001	13729	656.0	0.0477820671571
chrX	133500001	133600001	47112	1860.0	0.0394803871625
chrX	133600001	133700001	46776	2013.0	0.043034889687
chrX	133700001	133800001	54436	2042.0	0.0375119406275
chrX	133800001	133900001	48597	1830.0	0.0376566454719
chrX	133900001	134000001	44907	1796.0	0.0399937648919
chrX	134000001	134100001	41421	1798.0	0.043407933174
chrX	134100001	134200001	35991	1706.0	0.0474007390737
chrX	134200001	134300001	33237	2167.0	0.0651984234438
chrX	134300001	134400001	0	0.0	NA
chrX	134400001	134500001	42363	2074.0	0.0489578169629
chrX	134500001	134600001	37326	2039.0	0.0546268016932
chrX	134600001	134700001	42074	1856.0	0.0441127537196
chrX	134700001	134800001	0	0.0	NA
chrX	134800001	134900001	0	0.0	NA
chrX	134900001	135000001	0	0.0	NA
chrX	135000001	135100001	30620	1319.0	0.0430764206401
chrX	135100001	135200001	39151	1877.0	0.0479425812878
chrX	135200001	135300001	58458	2622.0	0.0448527147696
chrX	135300001	135400001	53740	2428.0	0.0451804986974
chrX	135400001	135500001	38597	1897.0	0.0491488975827
chrX	135500001	135600001	52174	2432.0	0.0466132556446
chrX	135600001	135700001	40459	1895.0	0.0468375392373
chrX	135700001	135800001	60013	2528.0	0.0421242064219
chrX	135800001	135900001	44458	1773.0	0.0398803364974
chrX	135900001	136000001	21133	1070.0	0.050631713434
chrX	136000001	136100001	30955	1541.0	0.049781941528
chrX	136100001	136200001	47008	2143.0	0.0455879850238
chrX	136200001	136300001	29672	1412.0	0.0475869506606
chrX	136300001	136400001	46952	2097.0	0.0446626341796
chrX	136400001	136500001	40620	1964.0	0.0483505662235
chrX	136500001	136600001	46220	2120.0	0.045867589788
chrX	136600001	136700001	52245	2077.0	0.0397550004785
chrX	136700001	136800001	41745	1844.0	0.0441729548449
chrX	136800001	136900001	36640	1677.0	0.045769650655
chrX	136900001	137000001	44358	1875.0	0.0422697145949
chrX	137000001	137100001	46073	2064.0	0.0447984719901
chrX	137100001	137200001	20440	969.0	0.0474070450098
chrX	137200001	137300001	33058	1635.0	0.0494585274366
chrX	137300001	137400001	40180	2126.0	0.0529118964659
chrX	137400001	137500001	31806	1625.0	0.0510909891215
chrX	137500001	137600001	31479	1731.0	0.0549890403126
chrX	137600001	137700001	31624	1637.0	0.0517644826714
chrX	137700001	137800001	62045	2882.0	0.046450157144
chrX	137800001	137900001	45377	2418.0	0.0532869074641
chrX	137900001	138000001	54344	3133.0	0.0576512586486
chrX	138000001	138100001	40499	2383.0	0.058840959036
chrX	138100001	138200001	47056	2496.0	0.053043182591
chrX	138200001	138300001	49557	2444.0	0.0493169481607
chrX	138300001	138400001	35881	1807.0	0.0503609152476
chrX	138400001	138500001	18451	906.0	0.0491030296461
chrX	138500001	138600001	35631	1583.0	0.0444276051753
chrX	138600001	138700001	52765	2469.0	0.0467923813134
chrX	138700001	138800001	41381	2055.0	0.0496604721974
chrX	138800001	138900001	56351	2424.0	0.043016095544
chrX	138900001	139000001	44778	2008.0	0.0448434499084
chrX	139000001	139100001	30009	1448.0	0.0482521910094
chrX	139100001	139200001	40657	1728.0	0.0425019061908
chrX	139200001	139300001	37911	1728.0	0.0455804383952
chrX	139300001	139400001	18387	800.0	0.0435090009246
chrX	139400001	139500001	23688	1013.0	0.0427642688281
chrX	139500001	139600001	50711	2295.0	0.045256453235
chrX	139600001	139700001	42422	2119.0	0.0499504973834
chrX	139700001	139800001	34431	1822.0	0.052917429061
chrX	139800001	139900001	40898	2313.0	0.0565553327791
chrX	139900001	140000001	30669	1651.0	0.0538328605432
chrX	140000001	140100001	36695	2071.0	0.0564382068402
chrX	140100001	140200001	25202	1587.0	0.0629711927625
chrX	140200001	140300001	25358	1322.0	0.0521334490102
chrX	140300001	140400001	23030	1186.0	0.0514980460269
chrX	140400001	140500001	26903	1428.0	0.0530795822027
chrX	140500001	140600001	33138	1751.0	0.0528396402921
chrX	140600001	140700001	23652	1581.0	0.0668442415018
chrX	140700001	140800001	28488	1702.0	0.0597444538051
chrX	140800001	140900001	42801	2287.0	0.0534333309969
chrX	140900001	141000001	34607	2143.0	0.0619238882307
chrX	141000001	141100001	29367	1603.0	0.0545850784895
chrX	141100001	141200001	33338	1978.0	0.0593316935629
chrX	141200001	141300001	26269	1736.0	0.066085500019
chrX	141300001	141400001	33045	1842.0	0.0557421697685
chrX	141400001	141500001	30767	1752.0	0.0569441284493
chrX	141500001	141600001	35048	1966.0	0.0560944989728
chrX	141600001	141700001	38780	2204.0	0.0568334192883
chrX	141700001	141800001	37725	2103.0	0.055745526839
chrX	141800001	141900001	15972	926.0	0.0579764588029
chrX	141900001	142000001	35729	2046.0	0.0572644070643
chrX	142000001	142100001	36309	2080.0	0.0572860723237
chrX	142100001	142200001	33253	2019.0	0.0607163263465
chrX	142200001	142300001	28118	1653.0	0.0587879650046
chrX	142300001	142400001	40349	2269.0	0.0562343552504
chrX	142400001	142500001	37519	1970.0	0.0525067299235
chrX	142500001	142600001	35051	1862.0	0.0531225927934
chrX	142600001	142700001	27641	1581.0	0.0571976411852
chrX	142700001	142800001	45680	2265.0	0.0495840630473
chrX	142800001	142900001	32429	1732.0	0.0534089857843
chrX	142900001	143000001	24676	1406.0	0.05697844059
chrX	143000001	143100001	25641	1428.0	0.0556920556921
chrX	143100001	143200001	39693	2268.0	0.0571385382813
chrX	143200001	143300001	35497	2008.0	0.0565681606896
chrX	143300001	143400001	28448	1587.0	0.0557859955006
chrX	143400001	143500001	27048	1384.0	0.0511682934043
chrX	143500001	143600001	16371	966.0	0.0590067802822
chrX	143600001	143700001	29160	1610.0	0.0552126200274
chrX	143700001	143800001	36526	2067.0	0.056589826425
chrX	143800001	143900001	16892	966.0	0.0571868340043
chrX	143900001	144000001	13687	806.0	0.0588879959085
chrX	144000001	144100001	18240	1046.0	0.0573464912281
chrX	144100001	144200001	25807	1491.0	0.0577750222808
chrX	144200001	144300001	41320	2284.0	0.0552758954501
chrX	144300001	144400001	22839	1290.0	0.0564823328517
chrX	144400001	144500001	29162	1502.0	0.0515053837185
chrX	144500001	144600001	26324	1384.0	0.0525755964139
chrX	144600001	144700001	28080	1415.0	0.0503917378917
chrX	144700001	144800001	32192	1706.0	0.0529945328032
chrX	144800001	144900001	43143	2210.0	0.0512249959437
chrX	144900001	145000001	45176	2298.0	0.0508677173721
chrX	145000001	145100001	28584	1680.0	0.0587741393787
chrX	145100001	145200001	36934	2146.0	0.0581036443385
chrX	145200001	145300001	38699	2159.0	0.0557895552857
chrX	145300001	145400001	28383	1613.0	0.0568297924814
chrX	145400001	145500001	37391	2076.0	0.0555213821508
chrX	145500001	145600001	25374	1388.0	0.0547016631197
chrX	145600001	145700001	32345	1901.0	0.0587726078219
chrX	145700001	145800001	24554	1316.0	0.0535961554126
chrX	145800001	145900001	30437	1752.0	0.0575615205178
chrX	145900001	146000001	32678	1761.0	0.0538894669196
chrX	146000001	146100001	23848	1392.0	0.0583696746058
chrX	146100001	146200001	28610	1716.0	0.0599790283118
chrX	146200001	146300001	22319	1538.0	0.0689098973968
chrX	146300001	146400001	34250	2030.0	0.0592700729927
chrX	146400001	146500001	30367	1670.0	0.0549939078605
chrX	146500001	146600001	29236	1732.0	0.0592420303735
chrX	146600001	146700001	39315	2208.0	0.0561617703167
chrX	146700001	146800001	30503	1855.0	0.0608136904567
chrX	146800001	146900001	45984	2288.0	0.0497564370216
chrX	146900001	147000001	30441	1496.0	0.0491442462468
chrX	147000001	147100001	49536	2248.0	0.0453811369509
chrX	147100001	147200001	28256	1404.0	0.0496885617214
chrX	147200001	147300001	40680	1874.0	0.0460668633235
chrX	147300001	147400001	35580	1745.0	0.0490444069702
chrX	147400001	147500001	29608	1361.0	0.0459673061335
chrX	147500001	147600001	54196	2455.0	0.0452985460182
chrX	147600001	147700001	63926	2755.0	0.0430967055658
chrX	147700001	147800001	68155	3079.0	0.0451764360649
chrX	147800001	147900001	63923	2913.0	0.04557045195
chrX	147900001	148000001	70487	3208.0	0.0455119383716
chrX	148000001	148100001	72172	3075.0	0.042606551017
chrX	148100001	148200001	27773	1310.0	0.0471681129154
chrX	148200001	148300001	26783	1323.0	0.0493970055632
chrX	148300001	148400001	41814	1997.0	0.0477591237385
chrX	148400001	148500001	30481	1485.0	0.0487188740527
chrX	148500001	148600001	41725	2138.0	0.0512402636309
chrX	148600001	148700001	39506	2657.0	0.0672556067433
chrX	148700001	148800001	23618	1350.0	0.0571597933779
chrX	148800001	148900001	27920	1896.0	0.0679083094556
chrX	148900001	149000001	3008	149.0	0.0495345744681
chrX	149000001	149100001	13784	1086.0	0.0787869994196
chrX	149100001	149200001	45491	2304.0	0.0506473808006
chrX	149200001	149300001	39322	1736.0	0.044148313921
chrX	149300001	149400001	49976	2330.0	0.0466223787418
chrX	149400001	149500001	45352	2153.0	0.047473099312
chrX	149500001	149600001	45434	2092.0	0.0460448122551
chrX	149600001	149700001	55384	2683.0	0.0484435938177
chrX	149700001	149800001	47680	2239.0	0.0469588926174
chrX	149800001	149900001	47373	1996.0	0.042133704853
chrX	149900001	150000001	41483	2350.0	0.0566497119302
chrX	150000001	150100001	36143	1659.0	0.0459010043439
chrX	150100001	150200001	35813	1859.0	0.0519085248373
chrX	150200001	150300001	15884	761.0	0.0479098463863
chrX	150300001	150400001	26963	1309.0	0.0485480102362
chrX	150400001	150500001	41386	1935.0	0.0467549412845
chrX	150500001	150600001	43316	1945.0	0.0449025764152
chrX	150600001	150700001	28944	1335.0	0.0461235489221
chrX	150700001	150800001	39665	1898.0	0.0478507500315
chrX	150800001	150900001	54728	2792.0	0.0510159333431
chrX	150900001	151000001	52590	2893.0	0.055010458262
chrX	151000001	151100001	29200	1650.0	0.0565068493151
chrX	151100001	151200001	37752	2037.0	0.0539574062301
chrX	151200001	151300001	23803	1405.0	0.0590261731714
chrX	151300001	151400001	35515	1853.0	0.0521751372659
chrX	151400001	151500001	19535	964.0	0.0493473253135
chrX	151500001	151600001	29822	1460.0	0.0489571457313
chrX	151600001	151700001	18393	925.0	0.0502908715272
chrX	151700001	151800001	33720	1590.0	0.047153024911
chrX	151800001	151900001	47786	3148.0	0.0658770351149
chrX	151900001	152000001	0	0.0	NA
chrX	152000001	152100001	54479	2967.0	0.0544613520806
chrX	152100001	152200001	31175	1703.0	0.0546271050521
chrX	152200001	152300001	29507	1592.0	0.0539532992171
chrX	152300001	152400001	28374	1791.0	0.0631211672658
chrX	152400001	152500001	34301	2165.0	0.0631176933617
chrX	152500001	152600001	33241	2084.0	0.0626936614422
chrX	152600001	152700001	48525	2654.0	0.0546934569809
chrX	152700001	152800001	68630	4182.0	0.060935450969
chrX	152800001	152900001	48393	2984.0	0.0616618105924
chrX	152900001	153000001	54570	3151.0	0.0577423492762
chrX	153000001	153100001	49442	3115.0	0.0630031147607
chrX	153100001	153200001	46817	2709.0	0.0578635965568
chrX	153200001	153300001	50430	2730.0	0.0541344437835
chrX	153300001	153400001	34113	1662.0	0.0487204291619
chrX	153400001	153500001	20532	1288.0	0.0627313461913
chrX	153500001	153600001	34229	2110.0	0.0616436355137
chrX	153600001	153700001	48317	2823.0	0.0584266407269
chrX	153700001	153800001	26709	1638.0	0.0613276423677
chrX	153800001	153900001	11623	787.0	0.0677105738622
chrX	153900001	154000001	37130	1613.0	0.0434419606787
chrX	154000001	154100001	28689	1322.0	0.0460803792394
chrX	154100001	154200001	20262	892.0	0.0440232948376
chrX	154200001	154300001	29967	1274.0	0.0425134314413
chrX	154300001	154400001	29272	1343.0	0.0458800218639
chrX	154400001	154500001	32068	1386.0	0.0432206561058
chrX	154500001	154600001	16613	705.0	0.0424366460001
chrX	154600001	154700001	396	16.0	0.040404040404
chrX	154700001	154800001	15618	632.0	0.0404661288257
chrX	154800001	154900001	7060	370.0	0.0524079320113
chrX	154900001	155000001	19361	735.0	0.0379629151387
chrX	155000001	155100001	20899	911.0	0.0435906024212
chrX	155100001	155200001	2541	107.0	0.0421094057458
chrX	155200001	155270560	0	0.0	NA
