chrX	1	100001	0	0.0	NA
chrX	100001	200001	0	0.0	NA
chrX	200001	300001	0	0.0	NA
chrX	300001	400001	0	0.0	NA
chrX	400001	500001	0	0.0	NA
chrX	500001	600001	0	0.0	NA
chrX	600001	700001	0	0.0	NA
chrX	700001	800001	0	0.0	NA
chrX	800001	900001	0	0.0	NA
chrX	900001	1000001	0	0.0	NA
chrX	1000001	1100001	0	0.0	NA
chrX	1100001	1200001	0	0.0	NA
chrX	1200001	1300001	0	0.0	NA
chrX	1300001	1400001	0	0.0	NA
chrX	1400001	1500001	0	0.0	NA
chrX	1500001	1600001	0	0.0	NA
chrX	1600001	1700001	0	0.0	NA
chrX	1700001	1800001	0	0.0	NA
chrX	1800001	1900001	0	0.0	NA
chrX	1900001	2000001	0	0.0	NA
chrX	2000001	2100001	0	0.0	NA
chrX	2100001	2200001	0	0.0	NA
chrX	2200001	2300001	0	0.0	NA
chrX	2300001	2400001	0	0.0	NA
chrX	2400001	2500001	0	0.0	NA
chrX	2500001	2600001	0	0.0	NA
chrX	2600001	2700001	0	0.0	NA
chrX	2700001	2800001	0	0.0	NA
chrX	2800001	2900001	0	0.0	NA
chrX	2900001	3000001	0	0.0	NA
chrX	3000001	3100001	0	0.0	NA
chrX	3100001	3200001	0	0.0	NA
chrX	3200001	3300001	0	0.0	NA
chrX	3300001	3400001	0	0.0	NA
chrX	3400001	3500001	0	0.0	NA
chrX	3500001	3600001	0	0.0	NA
chrX	3600001	3700001	0	0.0	NA
chrX	3700001	3800001	0	0.0	NA
chrX	3800001	3900001	0	0.0	NA
chrX	3900001	4000001	0	0.0	NA
chrX	4000001	4100001	0	0.0	NA
chrX	4100001	4200001	0	0.0	NA
chrX	4200001	4300001	0	0.0	NA
chrX	4300001	4400001	0	0.0	NA
chrX	4400001	4500001	0	0.0	NA
chrX	4500001	4600001	0	0.0	NA
chrX	4600001	4700001	0	0.0	NA
chrX	4700001	4800001	0	0.0	NA
chrX	4800001	4900001	0	0.0	NA
chrX	4900001	5000001	0	0.0	NA
chrX	5000001	5100001	0	0.0	NA
chrX	5100001	5200001	0	0.0	NA
chrX	5200001	5300001	0	0.0	NA
chrX	5300001	5400001	0	0.0	NA
chrX	5400001	5500001	0	0.0	NA
chrX	5500001	5600001	0	0.0	NA
chrX	5600001	5700001	0	0.0	NA
chrX	5700001	5800001	0	0.0	NA
chrX	5800001	5900001	0	0.0	NA
chrX	5900001	6000001	0	0.0	NA
chrX	6000001	6100001	0	0.0	NA
chrX	6100001	6200001	0	0.0	NA
chrX	6200001	6300001	0	0.0	NA
chrX	6300001	6400001	0	0.0	NA
chrX	6400001	6500001	0	0.0	NA
chrX	6500001	6600001	0	0.0	NA
chrX	6600001	6700001	0	0.0	NA
chrX	6700001	6800001	0	0.0	NA
chrX	6800001	6900001	0	0.0	NA
chrX	6900001	7000001	0	0.0	NA
chrX	7000001	7100001	0	0.0	NA
chrX	7100001	7200001	0	0.0	NA
chrX	7200001	7300001	0	0.0	NA
chrX	7300001	7400001	0	0.0	NA
chrX	7400001	7500001	0	0.0	NA
chrX	7500001	7600001	0	0.0	NA
chrX	7600001	7700001	0	0.0	NA
chrX	7700001	7800001	0	0.0	NA
chrX	7800001	7900001	0	0.0	NA
chrX	7900001	8000001	0	0.0	NA
chrX	8000001	8100001	0	0.0	NA
chrX	8100001	8200001	0	0.0	NA
chrX	8200001	8300001	0	0.0	NA
chrX	8300001	8400001	0	0.0	NA
chrX	8400001	8500001	0	0.0	NA
chrX	8500001	8600001	0	0.0	NA
chrX	8600001	8700001	0	0.0	NA
chrX	8700001	8800001	3128	1101.0	0.351982097187
chrX	8800001	8900001	27202	9444.0	0.347180354386
chrX	8900001	9000001	3256	1185.0	0.363943488943
chrX	9000001	9100001	11578	3737.0	0.322767317326
chrX	9100001	9200001	20169	6859.0	0.340076354802
chrX	9200001	9300001	16461	5163.0	0.31365044651
chrX	9300001	9400001	14671	4841.0	0.329970690478
chrX	9400001	9500001	13675	4503.0	0.32928702011
chrX	9500001	9600001	19113	6820.0	0.35682519751
chrX	9600001	9700001	18565	6497.0	0.3499596014
chrX	9700001	9800001	17686	6042.0	0.341626144973
chrX	9800001	9900001	28677	9919.0	0.345886947728
chrX	9900001	10000001	4241	1527.0	0.360056590427
chrX	10000001	10100001	0	0.0	NA
chrX	10100001	10200001	4060	1491.0	0.36724137931
chrX	10200001	10300001	3480	1075.0	0.308908045977
chrX	10300001	10400001	0	0.0	NA
chrX	10400001	10500001	16147	4750.0	0.294172292067
chrX	10500001	10600001	48986	13877.0	0.28328502021
chrX	10600001	10700001	39141	10829.0	0.27666641118
chrX	10700001	10800001	24938	7403.0	0.296856203384
chrX	10800001	10900001	35713	10077.0	0.282166157982
chrX	10900001	11000001	38592	11473.0	0.297289593698
chrX	11000001	11100001	29563	8283.0	0.280181307716
chrX	11100001	11200001	40170	12735.0	0.317027632562
chrX	11200001	11300001	25017	7845.0	0.313586761003
chrX	11300001	11400001	41340	12264.0	0.296661828737
chrX	11400001	11500001	51699	15861.0	0.30679510242
chrX	11500001	11600001	31453	9830.0	0.312529806378
chrX	11600001	11700001	39385	11990.0	0.304430620795
chrX	11700001	11800001	32580	10672.0	0.327562922038
chrX	11800001	11900001	29338	8629.0	0.294123662145
chrX	11900001	12000001	28882	8876.0	0.307319437712
chrX	12000001	12100001	35552	10679.0	0.300376912691
chrX	12100001	12200001	37599	11471.0	0.305087901274
chrX	12200001	12300001	37397	11896.0	0.318100382384
chrX	12300001	12400001	47191	15113.0	0.320251742917
chrX	12400001	12500001	40786	13264.0	0.325209630756
chrX	12500001	12600001	35630	11048.0	0.310075778838
chrX	12600001	12700001	40630	12386.0	0.304848634014
chrX	12700001	12800001	34117	10324.0	0.302605739074
chrX	12800001	12900001	25257	8489.0	0.336104842222
chrX	12900001	13000001	28734	9447.0	0.328774274379
chrX	13000001	13100001	36403	11267.0	0.309507458177
chrX	13100001	13200001	28025	8666.0	0.309223907226
chrX	13200001	13300001	32587	9983.0	0.30634915764
chrX	13300001	13400001	27864	9267.0	0.332579672696
chrX	13400001	13500001	33553	10189.0	0.30366882246
chrX	13500001	13600001	27373	8551.0	0.31238811968
chrX	13600001	13700001	26343	8371.0	0.317769426413
chrX	13700001	13800001	40163	12121.0	0.301795184623
chrX	13800001	13900001	36025	10828.0	0.300569049271
chrX	13900001	14000001	33944	10174.0	0.299728965355
chrX	14000001	14100001	28638	8601.0	0.30033521894
chrX	14100001	14200001	25366	7350.0	0.289757943704
chrX	14200001	14300001	26328	7972.0	0.302795502887
chrX	14300001	14400001	28387	8545.0	0.301018071653
chrX	14400001	14500001	33697	10449.0	0.310086951361
chrX	14500001	14600001	42176	12638.0	0.29964908953
chrX	14600001	14700001	39476	11967.0	0.303146215422
chrX	14700001	14800001	25857	7807.0	0.301929844916
chrX	14800001	14900001	23339	7180.0	0.307639573246
chrX	14900001	15000001	30012	9142.0	0.304611488738
chrX	15000001	15100001	24447	7135.0	0.291855851434
chrX	15100001	15200001	29488	8997.0	0.305107162235
chrX	15200001	15300001	36147	10814.0	0.299167289125
chrX	15300001	15400001	33727	10495.0	0.311175022979
chrX	15400001	15500001	34858	10571.0	0.303258936256
chrX	15500001	15600001	39116	12426.0	0.317670518458
chrX	15600001	15700001	36595	11485.0	0.313840688619
chrX	15700001	15800001	27607	8796.0	0.318614844061
chrX	15800001	15900001	37426	10251.0	0.273900496981
chrX	15900001	16000001	29337	8202.0	0.279578689028
chrX	16000001	16100001	28597	8379.0	0.293002762528
chrX	16100001	16200001	32146	9467.0	0.294500093324
chrX	16200001	16300001	19524	5763.0	0.295175169023
chrX	16300001	16400001	17824	5270.0	0.295668761221
chrX	16400001	16500001	26991	7846.0	0.290689489089
chrX	16500001	16600001	17076	4957.0	0.290290466151
chrX	16600001	16700001	24925	7642.0	0.306599799398
chrX	16700001	16800001	12703	3872.0	0.304809887428
chrX	16800001	16900001	23478	6488.0	0.276343811228
chrX	16900001	17000001	17347	4840.0	0.279010779962
chrX	17000001	17100001	39613	11457.0	0.289223234797
chrX	17100001	17200001	33790	9811.0	0.2903521752
chrX	17200001	17300001	27803	7900.0	0.284141999065
chrX	17300001	17400001	29797	8365.0	0.280732959694
chrX	17400001	17500001	46752	13066.0	0.27947467488
chrX	17500001	17600001	44786	12761.0	0.284932791497
chrX	17600001	17700001	55312	14893.0	0.269254411339
chrX	17700001	17800001	34871	9820.0	0.281609360213
chrX	17800001	17900001	51318	14546.0	0.28344830274
chrX	17900001	18000001	26687	7851.0	0.294188181512
chrX	18000001	18100001	43219	12449.0	0.288044610009
chrX	18100001	18200001	20398	6085.0	0.298313560153
chrX	18200001	18300001	16323	5197.0	0.318385100778
chrX	18300001	18400001	15078	4711.0	0.312441968431
chrX	18400001	18500001	24103	6869.0	0.284985271543
chrX	18500001	18600001	29873	8880.0	0.297258393867
chrX	18600001	18700001	44839	12570.0	0.280336314369
chrX	18700001	18800001	29770	8643.0	0.290325831374
chrX	18800001	18900001	9955	3111.0	0.312506278252
chrX	18900001	19000001	39055	12878.0	0.329740110101
chrX	19000001	19100001	36345	10561.0	0.290576420415
chrX	19100001	19200001	32090	9679.0	0.301620442505
chrX	19200001	19300001	21861	6369.0	0.29134074379
chrX	19300001	19400001	26242	8226.0	0.31346696136
chrX	19400001	19500001	25159	7504.0	0.298263047021
chrX	19500001	19600001	38156	11450.0	0.300083866233
chrX	19600001	19700001	51487	15540.0	0.301823761338
chrX	19700001	19800001	48933	14301.0	0.292256759242
chrX	19800001	19900001	37659	11149.0	0.296051408694
chrX	19900001	20000001	25582	7356.0	0.287545930733
chrX	20000001	20100001	27295	8411.0	0.308151676131
chrX	20100001	20200001	27266	7713.0	0.282879777012
chrX	20200001	20300001	34511	9282.0	0.268957723624
chrX	20300001	20400001	29828	8147.0	0.273132627062
chrX	20400001	20500001	35588	9782.0	0.274867933011
chrX	20500001	20600001	32087	8602.0	0.268083647583
chrX	20600001	20700001	29035	8068.0	0.277871534355
chrX	20700001	20800001	20555	5965.0	0.290197032352
chrX	20800001	20900001	23990	6913.0	0.288161734056
chrX	20900001	21000001	28234	8316.0	0.294538499681
chrX	21000001	21100001	13387	4049.0	0.302457608127
chrX	21100001	21200001	28941	8381.0	0.289589164162
chrX	21200001	21300001	7927	2033.0	0.256465245364
chrX	21300001	21400001	16653	4628.0	0.277907884465
chrX	21400001	21500001	28969	8717.0	0.30090786703
chrX	21500001	21600001	44399	13413.0	0.30210139868
chrX	21600001	21700001	44689	12590.0	0.281724809237
chrX	21700001	21800001	40012	11389.0	0.284639608118
chrX	21800001	21900001	27026	7946.0	0.294013172501
chrX	21900001	22000001	22863	7025.0	0.30726501334
chrX	22000001	22100001	36115	10331.0	0.286058424477
chrX	22100001	22200001	38963	11076.0	0.284269691759
chrX	22200001	22300001	36803	10171.0	0.276363339945
chrX	22300001	22400001	37462	10751.0	0.286984143933
chrX	22400001	22500001	24964	7407.0	0.296707258452
chrX	22500001	22600001	28643	8370.0	0.292217993925
chrX	22600001	22700001	32395	9826.0	0.303318413335
chrX	22700001	22800001	21936	7180.0	0.327315827863
chrX	22800001	22900001	13721	4389.0	0.319874644705
chrX	22900001	23000001	30032	9811.0	0.326684869473
chrX	23000001	23100001	22822	7060.0	0.309350626588
chrX	23100001	23200001	28719	8848.0	0.308088721752
chrX	23200001	23300001	29014	9143.0	0.31512373337
chrX	23300001	23400001	46411	13291.0	0.286376074637
chrX	23400001	23500001	23883	6868.0	0.287568563413
chrX	23500001	23600001	11810	3322.0	0.281287044877
chrX	23600001	23700001	15311	5096.0	0.33283260401
chrX	23700001	23800001	19072	5833.0	0.30584102349
chrX	23800001	23900001	23368	6683.0	0.285989387196
chrX	23900001	24000001	18472	5464.0	0.295799047207
chrX	24000001	24100001	26806	7140.0	0.266358277997
chrX	24100001	24200001	14875	4197.0	0.282151260504
chrX	24200001	24300001	18192	4700.0	0.25835532102
chrX	24300001	24400001	20404	6220.0	0.304842187806
chrX	24400001	24500001	22227	6513.0	0.29302200027
chrX	24500001	24600001	40970	11921.0	0.290969001709
chrX	24600001	24700001	27367	7472.0	0.27302956115
chrX	24700001	24800001	38884	10111.0	0.260029832322
chrX	24800001	24900001	54725	13603.0	0.248570123344
chrX	24900001	25000001	40865	9520.0	0.232962192585
chrX	25000001	25100001	48749	11267.0	0.231122689696
chrX	25100001	25200001	28807	6970.0	0.241955080362
chrX	25200001	25300001	37192	9246.0	0.24860184986
chrX	25300001	25400001	15369	4475.0	0.291170538096
chrX	25400001	25500001	33114	8860.0	0.267560548409
chrX	25500001	25600001	28871	7993.0	0.276852204634
chrX	25600001	25700001	20319	5728.0	0.28190363699
chrX	25700001	25800001	25188	7468.0	0.29649039225
chrX	25800001	25900001	24520	7211.0	0.294086460033
chrX	25900001	26000001	13704	4222.0	0.30808523059
chrX	26000001	26100001	14431	4770.0	0.330538424226
chrX	26100001	26200001	16679	5783.0	0.346723424666
chrX	26200001	26300001	14354	5272.0	0.36728438066
chrX	26300001	26400001	6580	1983.0	0.301367781155
chrX	26400001	26500001	27308	8706.0	0.318807675406
chrX	26500001	26600001	16659	5434.0	0.326190047422
chrX	26600001	26700001	15669	5082.0	0.324334673559
chrX	26700001	26800001	7783	2485.0	0.319285622511
chrX	26800001	26900001	9880	3135.0	0.317307692308
chrX	26900001	27000001	13800	4279.0	0.310072463768
chrX	27000001	27100001	10531	3548.0	0.336910075017
chrX	27100001	27200001	18559	6208.0	0.334500781292
chrX	27200001	27300001	11128	3663.0	0.329169662114
chrX	27300001	27400001	0	0.0	NA
chrX	27400001	27500001	18816	6585.0	0.349968112245
chrX	27500001	27600001	12931	4204.0	0.325110200294
chrX	27600001	27700001	21174	6799.0	0.321101350713
chrX	27700001	27800001	14459	4606.0	0.31855591673
chrX	27800001	27900001	19974	7020.0	0.351456893962
chrX	27900001	28000001	18451	6115.0	0.331418351309
chrX	28000001	28100001	15144	5004.0	0.330427892235
chrX	28100001	28200001	16166	5193.0	0.321229741433
chrX	28200001	28300001	20038	6705.0	0.334614232957
chrX	28300001	28400001	20834	6307.0	0.302726312758
chrX	28400001	28500001	13053	4138.0	0.317015245537
chrX	28500001	28600001	25449	7497.0	0.294589178357
chrX	28600001	28700001	52096	14392.0	0.276259213759
chrX	28700001	28800001	24550	7765.0	0.316293279022
chrX	28800001	28900001	36923	11717.0	0.317336077783
chrX	28900001	29000001	24047	7950.0	0.330602569967
chrX	29000001	29100001	42048	14080.0	0.334855403349
chrX	29100001	29200001	33042	10631.0	0.321742025301
chrX	29200001	29300001	36956	11794.0	0.319136270159
chrX	29300001	29400001	24252	7994.0	0.329622299192
chrX	29400001	29500001	37291	12296.0	0.329731034298
chrX	29500001	29600001	27640	9147.0	0.330933429812
chrX	29600001	29700001	30241	9769.0	0.323038259317
chrX	29700001	29800001	42718	12821.0	0.30013109228
chrX	29800001	29900001	30467	8987.0	0.294974890866
chrX	29900001	30000001	45735	12836.0	0.28066032579
chrX	30000001	30100001	23574	7114.0	0.3017731399
chrX	30100001	30200001	30972	9376.0	0.302725041973
chrX	30200001	30300001	28874	10163.0	0.351977557664
chrX	30300001	30400001	25952	8132.0	0.313347718866
chrX	30400001	30500001	29198	8687.0	0.297520378108
chrX	30500001	30600001	23178	7150.0	0.308482181379
chrX	30600001	30700001	18593	5513.0	0.296509439036
chrX	30700001	30800001	26729	7806.0	0.292042351005
chrX	30800001	30900001	23725	6788.0	0.286111696523
chrX	30900001	31000001	30100	8937.0	0.296910299003
chrX	31000001	31100001	33850	9861.0	0.291314623338
chrX	31100001	31200001	51174	14496.0	0.283268847462
chrX	31200001	31300001	49547	14101.0	0.284598462066
chrX	31300001	31400001	46074	12836.0	0.278595303208
chrX	31400001	31500001	40836	11732.0	0.287295523558
chrX	31500001	31600001	44085	13290.0	0.301463082681
chrX	31600001	31700001	42174	13117.0	0.311021008204
chrX	31700001	31800001	35592	11426.0	0.321027197123
chrX	31800001	31900001	29120	9130.0	0.31353021978
chrX	31900001	32000001	33111	10774.0	0.325390353659
chrX	32000001	32100001	37595	11946.0	0.317755020614
chrX	32100001	32200001	36497	11811.0	0.323615639642
chrX	32200001	32300001	29003	9884.0	0.340792331828
chrX	32300001	32400001	37052	12471.0	0.336581021267
chrX	32400001	32500001	25196	8971.0	0.35604857914
chrX	32500001	32600001	34630	11863.0	0.34256425065
chrX	32600001	32700001	20786	7301.0	0.351246030982
chrX	32700001	32800001	19799	6595.0	0.333097631193
chrX	32800001	32900001	26060	8956.0	0.343668457406
chrX	32900001	33000001	34652	11455.0	0.330572549925
chrX	33000001	33100001	38187	12200.0	0.319480451463
chrX	33100001	33200001	34851	10824.0	0.310579323405
chrX	33200001	33300001	31824	10152.0	0.319004524887
chrX	33300001	33400001	28879	9215.0	0.319089996191
chrX	33400001	33500001	12873	4498.0	0.349413501126
chrX	33500001	33600001	7775	2575.0	0.331189710611
chrX	33600001	33700001	15531	5209.0	0.335393728672
chrX	33700001	33800001	16991	5455.0	0.321052321817
chrX	33800001	33900001	6898	2408.0	0.349086691795
chrX	33900001	34000001	7549	2628.0	0.348125579547
chrX	34000001	34100001	10639	3662.0	0.344205282451
chrX	34100001	34200001	2505	840.0	0.335329341317
chrX	34200001	34300001	20117	6832.0	0.339613262415
chrX	34300001	34400001	12446	4282.0	0.344046279929
chrX	34400001	34500001	3979	1471.0	0.369690877105
chrX	34500001	34600001	11759	3998.0	0.339994897525
chrX	34600001	34700001	39542	12145.0	0.307141773304
chrX	34700001	34800001	22606	7614.0	0.336813235424
chrX	34800001	34900001	17615	6062.0	0.344138518308
chrX	34900001	35000001	19643	6954.0	0.354019243496
chrX	35000001	35100001	8759	2942.0	0.335883091677
chrX	35100001	35200001	12320	4377.0	0.355275974026
chrX	35200001	35300001	5304	1897.0	0.357654600302
chrX	35300001	35400001	9535	3393.0	0.355846879916
chrX	35400001	35500001	11054	3983.0	0.360322055365
chrX	35500001	35600001	2743	950.0	0.346336128327
chrX	35600001	35700001	10347	3330.0	0.321832415193
chrX	35700001	35800001	1178	420.0	0.356536502547
chrX	35800001	35900001	11929	4398.0	0.368681364741
chrX	35900001	36000001	10988	3727.0	0.339188205315
chrX	36000001	36100001	15466	5314.0	0.343592396224
chrX	36100001	36200001	14130	4997.0	0.35364472753
chrX	36200001	36300001	11820	4059.0	0.343401015228
chrX	36300001	36400001	13150	4534.0	0.344790874525
chrX	36400001	36500001	8076	2788.0	0.345220406142
chrX	36500001	36600001	5143	1781.0	0.346295936224
chrX	36600001	36700001	1977	694.0	0.351036924633
chrX	36700001	36800001	3202	1233.0	0.385071830106
chrX	36800001	36900001	12662	4370.0	0.345127152109
chrX	36900001	37000001	9017	2991.0	0.33170677609
chrX	37000001	37100001	15929	4947.0	0.310565635005
chrX	37100001	37200001	3726	1220.0	0.327428878154
chrX	37200001	37300001	28162	8623.0	0.306192741993
chrX	37300001	37400001	15377	5041.0	0.327827274501
chrX	37400001	37500001	17951	5570.0	0.310289120383
chrX	37500001	37600001	33450	10421.0	0.31153961136
chrX	37600001	37700001	28607	9502.0	0.332156465201
chrX	37700001	37800001	29152	9299.0	0.318983260154
chrX	37800001	37900001	12410	4038.0	0.325382755842
chrX	37900001	38000001	32545	10653.0	0.32733138731
chrX	38000001	38100001	40710	12828.0	0.315106853353
chrX	38100001	38200001	27139	8750.0	0.322414237813
chrX	38200001	38300001	38459	11736.0	0.305156140305
chrX	38300001	38400001	27260	7901.0	0.289838591343
chrX	38400001	38500001	40880	12684.0	0.310273972603
chrX	38500001	38600001	37447	11745.0	0.313643282506
chrX	38600001	38700001	36043	10318.0	0.286269178481
chrX	38700001	38800001	39581	11527.0	0.291225588035
chrX	38800001	38900001	36829	11036.0	0.299655163051
chrX	38900001	39000001	26298	8036.0	0.305574568408
chrX	39000001	39100001	40594	11624.0	0.286347736119
chrX	39100001	39200001	39141	11566.0	0.295495771697
chrX	39200001	39300001	33740	10443.0	0.309513930053
chrX	39300001	39400001	42644	12784.0	0.299784260388
chrX	39400001	39500001	31518	9413.0	0.298654736976
chrX	39500001	39600001	39342	11075.0	0.281505769915
chrX	39600001	39700001	34107	9977.0	0.292520596945
chrX	39700001	39800001	43153	13294.0	0.308066646583
chrX	39800001	39900001	31505	8863.0	0.281320425329
chrX	39900001	40000001	53048	13953.0	0.263025938772
chrX	40000001	40100001	36615	9292.0	0.253775774956
chrX	40100001	40200001	23772	7399.0	0.31124852768
chrX	40200001	40300001	13465	4370.0	0.32454511697
chrX	40300001	40400001	25483	7998.0	0.313856296354
chrX	40400001	40500001	25700	7999.0	0.311245136187
chrX	40500001	40600001	33609	10189.0	0.303162843286
chrX	40600001	40700001	3899	1110.0	0.284688381636
chrX	40700001	40800001	11986	3685.0	0.307442015685
chrX	40800001	40900001	15823	4970.0	0.314099728244
chrX	40900001	41000001	18791	5411.0	0.287957000692
chrX	41000001	41100001	22140	6327.0	0.285772357724
chrX	41100001	41200001	12066	3844.0	0.318581137079
chrX	41200001	41300001	13235	3450.0	0.260672459388
chrX	41300001	41400001	30639	8495.0	0.277261007213
chrX	41400001	41500001	29768	8367.0	0.281073636119
chrX	41500001	41600001	28483	8209.0	0.288207000667
chrX	41600001	41700001	25018	7263.0	0.290310976097
chrX	41700001	41800001	30290	7942.0	0.262198745461
chrX	41800001	41900001	24854	6783.0	0.272913816689
chrX	41900001	42000001	27944	8041.0	0.287754079588
chrX	42000001	42100001	30181	8905.0	0.295053179152
chrX	42100001	42200001	21207	6157.0	0.290328665063
chrX	42200001	42300001	24011	7419.0	0.308983382616
chrX	42300001	42400001	28143	8582.0	0.304942614504
chrX	42400001	42500001	22223	6874.0	0.309319173829
chrX	42500001	42600001	26429	8260.0	0.312535472398
chrX	42600001	42700001	21481	6685.0	0.311205251152
chrX	42700001	42800001	19843	6059.0	0.305346973744
chrX	42800001	42900001	9129	2932.0	0.321174279768
chrX	42900001	43000001	24458	7769.0	0.317646577807
chrX	43000001	43100001	21025	6649.0	0.316242568371
chrX	43100001	43200001	11376	3508.0	0.308368495077
chrX	43200001	43300001	11156	3384.0	0.303334528505
chrX	43300001	43400001	18252	5902.0	0.323361823362
chrX	43400001	43500001	19425	6157.0	0.316962676963
chrX	43500001	43600001	27117	8324.0	0.30696610982
chrX	43600001	43700001	33518	10926.0	0.325974103467
chrX	43700001	43800001	32771	10541.0	0.321656342498
chrX	43800001	43900001	45600	12845.0	0.281688596491
chrX	43900001	44000001	30424	8494.0	0.279187483566
chrX	44000001	44100001	33387	9435.0	0.282595022015
chrX	44100001	44200001	30369	9048.0	0.297935394646
chrX	44200001	44300001	13928	4207.0	0.302053417576
chrX	44300001	44400001	16199	4618.0	0.285079325884
chrX	44400001	44500001	11508	3403.0	0.295707334029
chrX	44500001	44600001	14550	4227.0	0.290515463918
chrX	44600001	44700001	8264	2288.0	0.276863504356
chrX	44700001	44800001	12003	3239.0	0.269849204366
chrX	44800001	44900001	17882	5577.0	0.311877866011
chrX	44900001	45000001	24967	6823.0	0.273280730564
chrX	45000001	45100001	15861	4996.0	0.314986444739
chrX	45100001	45200001	10858	3397.0	0.31285687972
chrX	45200001	45300001	6919	2273.0	0.328515681457
chrX	45300001	45400001	15565	4611.0	0.29624156762
chrX	45400001	45500001	8928	2761.0	0.309251792115
chrX	45500001	45600001	17051	5429.0	0.318397747933
chrX	45600001	45700001	38072	11501.0	0.302085522169
chrX	45700001	45800001	33038	9794.0	0.296446516133
chrX	45800001	45900001	16474	4977.0	0.30211241957
chrX	45900001	46000001	6057	2008.0	0.331517252765
chrX	46000001	46100001	12193	3579.0	0.293529074059
chrX	46100001	46200001	12611	3938.0	0.312267068432
chrX	46200001	46300001	8436	2452.0	0.290659080133
chrX	46300001	46400001	263	111.0	0.422053231939
chrX	46400001	46500001	22448	6596.0	0.293834640057
chrX	46500001	46600001	22368	6841.0	0.30583869814
chrX	46600001	46700001	18325	5221.0	0.284911323329
chrX	46700001	46800001	21751	5925.0	0.272401268907
chrX	46800001	46900001	12533	3602.0	0.287401260672
chrX	46900001	47000001	16420	4835.0	0.294457978076
chrX	47000001	47100001	39238	11561.0	0.294637851063
chrX	47100001	47200001	7631	2487.0	0.325907482637
chrX	47200001	47300001	2368	743.0	0.313766891892
chrX	47300001	47400001	4210	1416.0	0.336342042755
chrX	47400001	47500001	33228	10055.0	0.302606235705
chrX	47500001	47600001	6611	2029.0	0.306912721222
chrX	47600001	47700001	0	0.0	NA
chrX	47700001	47800001	0	0.0	NA
chrX	47800001	47900001	11185	3571.0	0.319266875279
chrX	47900001	48000001	7901	2833.0	0.358562207316
chrX	48000001	48100001	8077	3013.0	0.373034542528
chrX	48100001	48200001	10373	4223.0	0.407114624506
chrX	48200001	48300001	8050	3285.0	0.408074534161
chrX	48300001	48400001	28731	9224.0	0.321046952769
chrX	48400001	48500001	14217	4209.0	0.296054019835
chrX	48500001	48600001	13720	4616.0	0.336443148688
chrX	48600001	48700001	21610	7314.0	0.33845441925
chrX	48700001	48800001	20230	5796.0	0.286505190311
chrX	48800001	48900001	30559	8980.0	0.293857783304
chrX	48900001	49000001	21516	6677.0	0.310327198364
chrX	49000001	49100001	35739	11289.0	0.315873415596
chrX	49100001	49200001	21586	6567.0	0.304224960623
chrX	49200001	49300001	0	0.0	NA
chrX	49300001	49400001	1177	368.0	0.312659303314
chrX	49400001	49500001	3751	1081.0	0.288189816049
chrX	49500001	49600001	14828	5348.0	0.360669004586
chrX	49600001	49700001	26208	7604.0	0.29014041514
chrX	49700001	49800001	28857	8766.0	0.303773781058
chrX	49800001	49900001	28915	8424.0	0.291336676466
chrX	49900001	50000001	18314	5751.0	0.314022059627
chrX	50000001	50100001	11227	3640.0	0.324218402066
chrX	50100001	50200001	43043	13203.0	0.306739771856
chrX	50200001	50300001	30786	9313.0	0.30250763334
chrX	50300001	50400001	28482	8611.0	0.302331296959
chrX	50400001	50500001	28477	8355.0	0.293394669382
chrX	50500001	50600001	30625	8847.0	0.288881632653
chrX	50600001	50700001	16840	5117.0	0.303859857482
chrX	50700001	50800001	8595	2960.0	0.344386271088
chrX	50800001	50900001	0	0.0	NA
chrX	50900001	51000001	0	0.0	NA
chrX	51000001	51100001	6720	2229.0	0.331696428571
chrX	51100001	51200001	4531	1725.0	0.380710659898
chrX	51200001	51300001	7300	2461.0	0.337123287671
chrX	51300001	51400001	12038	4158.0	0.345406213657
chrX	51400001	51500001	6093	1887.0	0.309699655342
chrX	51500001	51600001	0	0.0	NA
chrX	51600001	51700001	10257	3083.0	0.300575216925
chrX	51700001	51800001	1983	719.0	0.362581946546
chrX	51800001	51900001	6231	2507.0	0.402343123094
chrX	51900001	52000001	0	0.0	NA
chrX	52000001	52100001	0	0.0	NA
chrX	52100001	52200001	0	0.0	NA
chrX	52200001	52300001	0	0.0	NA
chrX	52300001	52400001	0	0.0	NA
chrX	52400001	52500001	0	0.0	NA
chrX	52500001	52600001	0	0.0	NA
chrX	52600001	52700001	12636	4643.0	0.367442228553
chrX	52700001	52800001	8294	3077.0	0.370991077888
chrX	52800001	52900001	0	0.0	NA
chrX	52900001	53000001	4505	1803.0	0.400221975583
chrX	53000001	53100001	10096	2747.0	0.272087955626
chrX	53100001	53200001	11387	3292.0	0.289101607096
chrX	53200001	53300001	31854	8870.0	0.278457964463
chrX	53300001	53400001	26672	7441.0	0.278981703659
chrX	53400001	53500001	20500	6183.0	0.301609756098
chrX	53500001	53600001	16002	4339.0	0.271153605799
chrX	53600001	53700001	28806	9477.0	0.328993959592
chrX	53700001	53800001	12395	3275.0	0.264219443324
chrX	53800001	53900001	875	221.0	0.252571428571
chrX	53900001	54000001	7786	2091.0	0.268558951965
chrX	54000001	54100001	20634	5591.0	0.270960550548
chrX	54100001	54200001	10304	3020.0	0.293090062112
chrX	54200001	54300001	21341	5524.0	0.258844477766
chrX	54300001	54400001	13179	3621.0	0.274755292511
chrX	54400001	54500001	16221	4691.0	0.289193021392
chrX	54500001	54600001	21574	6528.0	0.302586446649
chrX	54600001	54700001	2105	653.0	0.310213776722
chrX	54700001	54800001	11073	3431.0	0.309852795087
chrX	54800001	54900001	20375	6393.0	0.313766871166
chrX	54900001	55000001	18862	5942.0	0.315024917824
chrX	55000001	55100001	21824	6635.0	0.304023093842
chrX	55100001	55200001	3145	1141.0	0.36279809221
chrX	55200001	55300001	0	0.0	NA
chrX	55300001	55400001	0	0.0	NA
chrX	55400001	55500001	7134	2677.0	0.375245304177
chrX	55500001	55600001	16907	6179.0	0.3654699237
chrX	55600001	55700001	6092	1962.0	0.322061720289
chrX	55700001	55800001	14805	4024.0	0.271800067545
chrX	55800001	55900001	2475	803.0	0.324444444444
chrX	55900001	56000001	6950	2148.0	0.309064748201
chrX	56000001	56100001	2764	931.0	0.336830680174
chrX	56100001	56200001	4050	1349.0	0.333086419753
chrX	56200001	56300001	18277	5778.0	0.316135033102
chrX	56300001	56400001	5769	1554.0	0.269370774831
chrX	56400001	56500001	874	315.0	0.360411899314
chrX	56500001	56600001	9452	2695.0	0.285124841303
chrX	56600001	56700001	69	33.0	0.478260869565
chrX	56700001	56800001	0	0.0	NA
chrX	56800001	56900001	0	0.0	NA
chrX	56900001	57000001	0	0.0	NA
chrX	57000001	57100001	0	0.0	NA
chrX	57100001	57200001	0	0.0	NA
chrX	57200001	57300001	0	0.0	NA
chrX	57300001	57400001	0	0.0	NA
chrX	57400001	57500001	0	0.0	NA
chrX	57500001	57600001	0	0.0	NA
chrX	57600001	57700001	8116	2873.0	0.353992114342
chrX	57700001	57800001	0	0.0	NA
chrX	57800001	57900001	0	0.0	NA
chrX	57900001	58000001	8118	2820.0	0.347376201035
chrX	58000001	58100001	0	0.0	NA
chrX	58100001	58200001	0	0.0	NA
chrX	58200001	58300001	0	0.0	NA
chrX	58300001	58400001	0	0.0	NA
chrX	58400001	58500001	0	0.0	NA
chrX	58500001	58600001	0	0.0	NA
chrX	58600001	58700001	0	0.0	NA
chrX	58700001	58800001	0	0.0	NA
chrX	58800001	58900001	0	0.0	NA
chrX	58900001	59000001	0	0.0	NA
chrX	59000001	59100001	0	0.0	NA
chrX	59100001	59200001	0	0.0	NA
chrX	59200001	59300001	0	0.0	NA
chrX	59300001	59400001	0	0.0	NA
chrX	59400001	59500001	0	0.0	NA
chrX	59500001	59600001	0	0.0	NA
chrX	59600001	59700001	0	0.0	NA
chrX	59700001	59800001	0	0.0	NA
chrX	59800001	59900001	0	0.0	NA
chrX	59900001	60000001	0	0.0	NA
chrX	60000001	60100001	0	0.0	NA
chrX	60100001	60200001	0	0.0	NA
chrX	60200001	60300001	0	0.0	NA
chrX	60300001	60400001	0	0.0	NA
chrX	60400001	60500001	0	0.0	NA
chrX	60500001	60600001	0	0.0	NA
chrX	60600001	60700001	0	0.0	NA
chrX	60700001	60800001	0	0.0	NA
chrX	60800001	60900001	0	0.0	NA
chrX	60900001	61000001	0	0.0	NA
chrX	61000001	61100001	0	0.0	NA
chrX	61100001	61200001	0	0.0	NA
chrX	61200001	61300001	0	0.0	NA
chrX	61300001	61400001	0	0.0	NA
chrX	61400001	61500001	0	0.0	NA
chrX	61500001	61600001	0	0.0	NA
chrX	61600001	61700001	0	0.0	NA
chrX	61700001	61800001	0	0.0	NA
chrX	61800001	61900001	0	0.0	NA
chrX	61900001	62000001	0	0.0	NA
chrX	62000001	62100001	80	22.0	0.275
chrX	62100001	62200001	0	0.0	NA
chrX	62200001	62300001	0	0.0	NA
chrX	62300001	62400001	0	0.0	NA
chrX	62400001	62500001	0	0.0	NA
chrX	62500001	62600001	3335	1095.0	0.328335832084
chrX	62600001	62700001	0	0.0	NA
chrX	62700001	62800001	0	0.0	NA
chrX	62800001	62900001	15667	5056.0	0.322716537946
chrX	62900001	63000001	29346	9051.0	0.308423635248
chrX	63000001	63100001	9276	2889.0	0.311448900388
chrX	63100001	63200001	2999	1033.0	0.344448149383
chrX	63200001	63300001	0	0.0	NA
chrX	63300001	63400001	493	182.0	0.369168356998
chrX	63400001	63500001	23246	7003.0	0.301256130087
chrX	63500001	63600001	3339	997.0	0.298592392932
chrX	63600001	63700001	2907	941.0	0.323701410389
chrX	63700001	63800001	877	292.0	0.332953249715
chrX	63800001	63900001	0	0.0	NA
chrX	63900001	64000001	0	0.0	NA
chrX	64000001	64100001	0	0.0	NA
chrX	64100001	64200001	5860	1900.0	0.324232081911
chrX	64200001	64300001	8170	2493.0	0.305140758874
chrX	64300001	64400001	774	238.0	0.307493540052
chrX	64400001	64500001	360	121.0	0.336111111111
chrX	64500001	64600001	0	0.0	NA
chrX	64600001	64700001	0	0.0	NA
chrX	64700001	64800001	20425	5788.0	0.283378212974
chrX	64800001	64900001	24332	7525.0	0.309263521289
chrX	64900001	65000001	25318	7651.0	0.30219606604
chrX	65000001	65100001	1512	500.0	0.330687830688
chrX	65100001	65200001	441	137.0	0.310657596372
chrX	65200001	65300001	24811	8232.0	0.331788319697
chrX	65300001	65400001	14534	4693.0	0.3228980322
chrX	65400001	65500001	15460	5166.0	0.334152652005
chrX	65500001	65600001	4371	1510.0	0.345458705102
chrX	65600001	65700001	18397	5836.0	0.317225634614
chrX	65700001	65800001	606	190.0	0.313531353135
chrX	65800001	65900001	19362	6638.0	0.342836483834
chrX	65900001	66000001	3906	1448.0	0.37071172555
chrX	66000001	66100001	2983	935.0	0.313442842776
chrX	66100001	66200001	13629	4740.0	0.347787805415
chrX	66200001	66300001	2463	930.0	0.377588306943
chrX	66300001	66400001	6839	2298.0	0.33601403714
chrX	66400001	66500001	5635	1743.0	0.309316770186
chrX	66500001	66600001	12511	4288.0	0.342738390217
chrX	66600001	66700001	0	0.0	NA
chrX	66700001	66800001	24670	7879.0	0.319375760032
chrX	66800001	66900001	30845	9928.0	0.321867401524
chrX	66900001	67000001	42516	13069.0	0.307390158999
chrX	67000001	67100001	7762	2476.0	0.318989951044
chrX	67100001	67200001	5069	1595.0	0.314657723417
chrX	67200001	67300001	19188	6016.0	0.313529289139
chrX	67300001	67400001	14868	4398.0	0.29580306699
chrX	67400001	67500001	17215	5895.0	0.342433923904
chrX	67500001	67600001	6978	2199.0	0.31513327601
chrX	67600001	67700001	16092	4817.0	0.299341287596
chrX	67700001	67800001	10004	3068.0	0.306677329068
chrX	67800001	67900001	19740	6156.0	0.311854103343
chrX	67900001	68000001	33568	11119.0	0.331238083889
chrX	68000001	68100001	36413	10590.0	0.290830198006
chrX	68100001	68200001	33124	9993.0	0.301684579157
chrX	68200001	68300001	40619	12645.0	0.311307516187
chrX	68300001	68400001	47959	14033.0	0.292604099335
chrX	68400001	68500001	38219	11905.0	0.311494282948
chrX	68500001	68600001	30209	9534.0	0.315601310868
chrX	68600001	68700001	22984	7000.0	0.3045596937
chrX	68700001	68800001	37370	10399.0	0.278271340648
chrX	68800001	68900001	19657	5265.0	0.267843516305
chrX	68900001	69000001	16911	4515.0	0.266985985453
chrX	69000001	69100001	12681	3612.0	0.28483558079
chrX	69100001	69200001	29501	8076.0	0.273753432087
chrX	69200001	69300001	35784	10628.0	0.297004247708
chrX	69300001	69400001	24161	7524.0	0.311410951533
chrX	69400001	69500001	27750	8647.0	0.311603603604
chrX	69500001	69600001	23245	6919.0	0.297655409766
chrX	69600001	69700001	33751	9340.0	0.276732541258
chrX	69700001	69800001	23470	6885.0	0.293353216873
chrX	69800001	69900001	10954	3224.0	0.294321708965
chrX	69900001	70000001	6109	1760.0	0.288099525291
chrX	70000001	70100001	5559	1550.0	0.278827127181
chrX	70100001	70200001	9535	2773.0	0.290823282643
chrX	70200001	70300001	15932	4287.0	0.269081094652
chrX	70300001	70400001	43940	11260.0	0.256258534365
chrX	70400001	70500001	24841	6689.0	0.269272573568
chrX	70500001	70600001	15425	4331.0	0.280777957861
chrX	70600001	70700001	15063	4302.0	0.285600477992
chrX	70700001	70800001	22830	5809.0	0.254445904512
chrX	70800001	70900001	24718	8801.0	0.356056315236
chrX	70900001	71000001	12265	4893.0	0.39894007338
chrX	71000001	71100001	10178	4023.0	0.395264295539
chrX	71100001	71200001	28600	8541.0	0.298636363636
chrX	71200001	71300001	38049	11615.0	0.305264264501
chrX	71300001	71400001	35515	10015.0	0.281993523863
chrX	71400001	71500001	13218	4239.0	0.320699046754
chrX	71500001	71600001	33254	9073.0	0.272839357671
chrX	71600001	71700001	25193	6084.0	0.241495653555
chrX	71700001	71800001	31701	9377.0	0.295795085329
chrX	71800001	71900001	21705	6537.0	0.301174844506
chrX	71900001	72000001	11035	3584.0	0.324784775714
chrX	72000001	72100001	19212	7580.0	0.394545075994
chrX	72100001	72200001	18052	6731.0	0.372867272324
chrX	72200001	72300001	8057	2588.0	0.321211368996
chrX	72300001	72400001	6289	2254.0	0.358403561775
chrX	72400001	72500001	3792	1054.0	0.277953586498
chrX	72500001	72600001	2068	650.0	0.314313346228
chrX	72600001	72700001	11337	3510.0	0.309605715798
chrX	72700001	72800001	6358	1816.0	0.285624410192
chrX	72800001	72900001	5698	1702.0	0.298701298701
chrX	72900001	73000001	8473	2224.0	0.262480821433
chrX	73000001	73100001	17474	5399.0	0.308973331807
chrX	73100001	73200001	0	0.0	NA
chrX	73200001	73300001	0	0.0	NA
chrX	73300001	73400001	0	0.0	NA
chrX	73400001	73500001	6981	2449.0	0.350809339636
chrX	73500001	73600001	15768	5287.0	0.335299340436
chrX	73600001	73700001	29834	8557.0	0.286820406248
chrX	73700001	73800001	26245	8063.0	0.307220422938
chrX	73800001	73900001	19168	4982.0	0.259912353923
chrX	73900001	74000001	17627	4160.0	0.236001588472
chrX	74000001	74100001	11031	3152.0	0.285740186746
chrX	74100001	74200001	28281	7659.0	0.270817863583
chrX	74200001	74300001	14257	3980.0	0.279161113839
chrX	74300001	74400001	17457	4956.0	0.283897576903
chrX	74400001	74500001	7243	2176.0	0.300427999448
chrX	74500001	74600001	20143	5463.0	0.271210842476
chrX	74600001	74700001	15910	4596.0	0.288874921433
chrX	74700001	74800001	9181	2846.0	0.309988018734
chrX	74800001	74900001	9217	2916.0	0.316371921449
chrX	74900001	75000001	4782	1723.0	0.360309493936
chrX	75000001	75100001	4587	1387.0	0.302376280794
chrX	75100001	75200001	0	0.0	NA
chrX	75200001	75300001	3788	1413.0	0.373020063358
chrX	75300001	75400001	10948	3622.0	0.330836682499
chrX	75400001	75500001	594	196.0	0.329966329966
chrX	75500001	75600001	0	0.0	NA
chrX	75600001	75700001	5373	1723.0	0.320677461381
chrX	75700001	75800001	0	0.0	NA
chrX	75800001	75900001	406	126.0	0.310344827586
chrX	75900001	76000001	6617	2014.0	0.304367538159
chrX	76000001	76100001	4620	1436.0	0.310822510823
chrX	76100001	76200001	16621	4536.0	0.272907767282
chrX	76200001	76300001	16992	5174.0	0.304496233522
chrX	76300001	76400001	8931	2615.0	0.292800358303
chrX	76400001	76500001	1248	284.0	0.227564102564
chrX	76500001	76600001	3298	935.0	0.283505154639
chrX	76600001	76700001	9656	2531.0	0.262116818558
chrX	76700001	76800001	21646	5196.0	0.240044349995
chrX	76800001	76900001	11180	3621.0	0.323881932021
chrX	76900001	77000001	20604	6102.0	0.296156086197
chrX	77000001	77100001	8575	2402.0	0.280116618076
chrX	77100001	77200001	15304	4695.0	0.306782540512
chrX	77200001	77300001	17616	5065.0	0.28752270663
chrX	77300001	77400001	19338	5898.0	0.304995345951
chrX	77400001	77500001	10345	3105.0	0.300144997583
chrX	77500001	77600001	19750	6341.0	0.321063291139
chrX	77600001	77700001	5040	1670.0	0.331349206349
chrX	77700001	77800001	9750	3115.0	0.319487179487
chrX	77800001	77900001	7552	2380.0	0.315148305085
chrX	77900001	78000001	28215	8110.0	0.28743576112
chrX	78000001	78100001	26955	8002.0	0.296865145613
chrX	78100001	78200001	13021	4116.0	0.316104753859
chrX	78200001	78300001	14314	4559.0	0.318499371245
chrX	78300001	78400001	17743	5676.0	0.319900805952
chrX	78400001	78500001	22060	7229.0	0.327697189483
chrX	78500001	78600001	10520	3580.0	0.34030418251
chrX	78600001	78700001	26401	8055.0	0.305102079467
chrX	78700001	78800001	2398	821.0	0.342368640534
chrX	78800001	78900001	8674	2779.0	0.320382753055
chrX	78900001	79000001	8206	2766.0	0.337070436266
chrX	79000001	79100001	2589	778.0	0.300502124372
chrX	79100001	79200001	0	0.0	NA
chrX	79200001	79300001	21943	7299.0	0.33263455316
chrX	79300001	79400001	13852	4561.0	0.329266531909
chrX	79400001	79500001	1416	391.0	0.276129943503
chrX	79500001	79600001	17782	5714.0	0.321336182657
chrX	79600001	79700001	12330	4004.0	0.324736415247
chrX	79700001	79800001	6935	2341.0	0.337563085797
chrX	79800001	79900001	457	154.0	0.336980306346
chrX	79900001	80000001	29315	8682.0	0.296162374211
chrX	80000001	80100001	12545	3744.0	0.298445595855
chrX	80100001	80200001	3038	940.0	0.309414088216
chrX	80200001	80300001	0	0.0	NA
chrX	80300001	80400001	17254	4943.0	0.286484293497
chrX	80400001	80500001	19330	6160.0	0.31867563373
chrX	80500001	80600001	14089	4619.0	0.327844417631
chrX	80600001	80700001	21340	7018.0	0.328865979381
chrX	80700001	80800001	4404	1460.0	0.331516802906
chrX	80800001	80900001	4988	1657.0	0.332197273456
chrX	80900001	81000001	5021	1754.0	0.349332802231
chrX	81000001	81100001	6620	2117.0	0.319788519637
chrX	81100001	81200001	3013	1017.0	0.337537338201
chrX	81200001	81300001	2789	748.0	0.268196486196
chrX	81300001	81400001	3497	1153.0	0.329711181012
chrX	81400001	81500001	2630	808.0	0.307224334601
chrX	81500001	81600001	4756	1531.0	0.321909167368
chrX	81600001	81700001	4252	1435.0	0.337488240828
chrX	81700001	81800001	8190	2668.0	0.325763125763
chrX	81800001	81900001	9910	3127.0	0.315539858729
chrX	81900001	82000001	21338	6549.0	0.306917236854
chrX	82000001	82100001	12877	4267.0	0.331366001398
chrX	82100001	82200001	1879	591.0	0.31452900479
chrX	82200001	82300001	7206	2587.0	0.359006383569
chrX	82300001	82400001	4528	1579.0	0.348719081272
chrX	82400001	82500001	1895	523.0	0.27598944591
chrX	82500001	82600001	21057	6710.0	0.318658878283
chrX	82600001	82700001	10512	3141.0	0.298801369863
chrX	82700001	82800001	37162	10982.0	0.295516925892
chrX	82800001	82900001	8456	2641.0	0.312322611164
chrX	82900001	83000001	1154	373.0	0.323223570191
chrX	83000001	83100001	3080	956.0	0.31038961039
chrX	83100001	83200001	3849	1349.0	0.350480644323
chrX	83200001	83300001	2529	738.0	0.291814946619
chrX	83300001	83400001	19658	6119.0	0.311272764269
chrX	83400001	83500001	39635	11613.0	0.292998612338
chrX	83500001	83600001	29237	8472.0	0.289769812224
chrX	83600001	83700001	8706	2729.0	0.313461980244
chrX	83700001	83800001	22992	7008.0	0.304801670146
chrX	83800001	83900001	8781	2803.0	0.319211934859
chrX	83900001	84000001	3567	1166.0	0.326885337819
chrX	84000001	84100001	10095	3204.0	0.317384843982
chrX	84100001	84200001	7535	2251.0	0.298739216987
chrX	84200001	84300001	13451	3857.0	0.286744479964
chrX	84300001	84400001	18789	5756.0	0.30634945979
chrX	84400001	84500001	15512	4872.0	0.314079422383
chrX	84500001	84600001	25689	7415.0	0.288644945307
chrX	84600001	84700001	19255	5987.0	0.310932225396
chrX	84700001	84800001	29409	9366.0	0.31847393655
chrX	84800001	84900001	5419	1648.0	0.304115150397
chrX	84900001	85000001	4896	1418.0	0.289624183007
chrX	85000001	85100001	8675	2486.0	0.286570605187
chrX	85100001	85200001	29570	8395.0	0.283902603991
chrX	85200001	85300001	18339	5538.0	0.301979388189
chrX	85300001	85400001	16348	4807.0	0.294042084659
chrX	85400001	85500001	36030	10417.0	0.28912017763
chrX	85500001	85600001	21597	6280.0	0.290781127008
chrX	85600001	85700001	28676	8765.0	0.30565629795
chrX	85700001	85800001	26129	8373.0	0.320448543764
chrX	85800001	85900001	18757	5882.0	0.313589593219
chrX	85900001	86000001	31460	10160.0	0.322949777495
chrX	86000001	86100001	32189	10285.0	0.319519090372
chrX	86100001	86200001	5579	1848.0	0.331242158093
chrX	86200001	86300001	8615	3052.0	0.354265815438
chrX	86300001	86400001	4371	1418.0	0.324410889957
chrX	86400001	86500001	0	0.0	NA
chrX	86500001	86600001	8959	2878.0	0.321241209956
chrX	86600001	86700001	7621	2545.0	0.33394567642
chrX	86700001	86800001	12205	4224.0	0.346087668988
chrX	86800001	86900001	12984	4563.0	0.351432532348
chrX	86900001	87000001	15659	5331.0	0.340443195606
chrX	87000001	87100001	14109	4775.0	0.338436458998
chrX	87100001	87200001	12878	4298.0	0.333747476316
chrX	87200001	87300001	11816	4195.0	0.355027081923
chrX	87300001	87400001	19865	6879.0	0.346287440221
chrX	87400001	87500001	8514	2851.0	0.334860230209
chrX	87500001	87600001	3908	1333.0	0.341095189355
chrX	87600001	87700001	18081	6024.0	0.333167413307
chrX	87700001	87800001	11834	4147.0	0.350430961636
chrX	87800001	87900001	2514	831.0	0.330548926014
chrX	87900001	88000001	4549	1388.0	0.305122004836
chrX	88000001	88100001	5371	2014.0	0.374976726867
chrX	88100001	88200001	10157	3458.0	0.340454858718
chrX	88200001	88300001	7567	2471.0	0.326549491212
chrX	88300001	88400001	12692	4392.0	0.3460447526
chrX	88400001	88500001	15536	5546.0	0.356977342945
chrX	88500001	88600001	1587	556.0	0.350346565848
chrX	88600001	88700001	16829	5563.0	0.330560342266
chrX	88700001	88800001	4452	1561.0	0.350628930818
chrX	88800001	88900001	2717	988.0	0.363636363636
chrX	88900001	89000001	6320	2212.0	0.35
chrX	89000001	89100001	2025	718.0	0.354567901235
chrX	89100001	89200001	6737	2312.0	0.343179456731
chrX	89200001	89300001	3374	1182.0	0.350326022525
chrX	89300001	89400001	3829	1192.0	0.311308435623
chrX	89400001	89500001	8900	3276.0	0.36808988764
chrX	89500001	89600001	6527	2322.0	0.355753025892
chrX	89600001	89700001	9091	3053.0	0.335826641734
chrX	89700001	89800001	4269	1379.0	0.323026469899
chrX	89800001	89900001	10129	3555.0	0.350972455326
chrX	89900001	90000001	4759	1631.0	0.342719058626
chrX	90000001	90100001	8020	2857.0	0.356234413965
chrX	90100001	90200001	8577	3074.0	0.358400373091
chrX	90200001	90300001	3159	1082.0	0.342513453625
chrX	90300001	90400001	4013	1440.0	0.358833790182
chrX	90400001	90500001	8008	2767.0	0.345529470529
chrX	90500001	90600001	2653	954.0	0.359592913683
chrX	90600001	90700001	7751	2558.0	0.330021932654
chrX	90700001	90800001	11263	3842.0	0.341116931546
chrX	90800001	90900001	12566	4138.0	0.329301289193
chrX	90900001	91000001	5453	1771.0	0.324775353017
chrX	91000001	91100001	47258	15625.0	0.330631850692
chrX	91100001	91200001	19915	6704.0	0.336630680392
chrX	91200001	91300001	15077	4887.0	0.324136101346
chrX	91300001	91400001	18665	6100.0	0.326814894187
chrX	91400001	91500001	23354	7989.0	0.342082726728
chrX	91500001	91600001	19501	6642.0	0.340597918055
chrX	91600001	91700001	25563	8485.0	0.331925047921
chrX	91700001	91800001	24937	8321.0	0.333680875807
chrX	91800001	91900001	10977	3392.0	0.309009747654
chrX	91900001	92000001	6923	2451.0	0.354037267081
chrX	92000001	92100001	5073	1798.0	0.354425389316
chrX	92100001	92200001	9116	3073.0	0.33709960509
chrX	92200001	92300001	7173	2415.0	0.336679213718
chrX	92300001	92400001	2916	1018.0	0.349108367627
chrX	92400001	92500001	4398	1406.0	0.319690768531
chrX	92500001	92600001	6233	2105.0	0.337718594577
chrX	92600001	92700001	13348	4578.0	0.342972729997
chrX	92700001	92800001	22317	7526.0	0.337231706771
chrX	92800001	92900001	11062	3547.0	0.320647260893
chrX	92900001	93000001	16635	5415.0	0.325518485122
chrX	93000001	93100001	24627	7849.0	0.31871523125
chrX	93100001	93200001	8370	2865.0	0.34229390681
chrX	93200001	93300001	8574	2800.0	0.326568696058
chrX	93300001	93400001	22126	7245.0	0.327442827443
chrX	93400001	93500001	9335	3086.0	0.330583824317
chrX	93500001	93600001	9836	3177.0	0.322997153314
chrX	93600001	93700001	2118	729.0	0.344192634561
chrX	93700001	93800001	3513	1251.0	0.3561058924
chrX	93800001	93900001	3040	1055.0	0.347039473684
chrX	93900001	94000001	0	0.0	NA
chrX	94000001	94100001	4532	1606.0	0.354368932039
chrX	94100001	94200001	2614	863.0	0.330145371079
chrX	94200001	94300001	1379	461.0	0.334300217549
chrX	94300001	94400001	3887	1315.0	0.338307177772
chrX	94400001	94500001	5609	1905.0	0.339632733108
chrX	94500001	94600001	5473	1946.0	0.355563676229
chrX	94600001	94700001	19363	6268.0	0.323710168879
chrX	94700001	94800001	17629	5753.0	0.326337285155
chrX	94800001	94900001	15005	4698.0	0.313095634788
chrX	94900001	95000001	36220	10796.0	0.298067366096
chrX	95000001	95100001	23082	6849.0	0.296724720561
chrX	95100001	95200001	24604	6697.0	0.272191513575
chrX	95200001	95300001	22552	6816.0	0.302234835048
chrX	95300001	95400001	16782	5174.0	0.308306518889
chrX	95400001	95500001	19154	5920.0	0.3090738227
chrX	95500001	95600001	13826	3877.0	0.280413713294
chrX	95600001	95700001	37702	10698.0	0.283751525118
chrX	95700001	95800001	31277	9092.0	0.290692841385
chrX	95800001	95900001	29666	8124.0	0.273848850536
chrX	95900001	96000001	38793	11234.0	0.289588327791
chrX	96000001	96100001	33858	9553.0	0.282148975131
chrX	96100001	96200001	33091	10334.0	0.312290350851
chrX	96200001	96300001	27374	8645.0	0.315810623219
chrX	96300001	96400001	41587	12842.0	0.308798422584
chrX	96400001	96500001	35583	10714.0	0.301098839333
chrX	96500001	96600001	35171	9641.0	0.274117881209
chrX	96600001	96700001	40386	11331.0	0.280567523399
chrX	96700001	96800001	40428	10819.0	0.267611556347
chrX	96800001	96900001	49937	13307.0	0.266475759457
chrX	96900001	97000001	35020	9923.0	0.283352370074
chrX	97000001	97100001	30515	8252.0	0.270424381452
chrX	97100001	97200001	39977	10663.0	0.266728368812
chrX	97200001	97300001	31155	9145.0	0.293532338308
chrX	97300001	97400001	21995	6800.0	0.309161172994
chrX	97400001	97500001	29034	8274.0	0.284976234759
chrX	97500001	97600001	26968	7653.0	0.283780777217
chrX	97600001	97700001	22933	6115.0	0.266646317534
chrX	97700001	97800001	28182	8078.0	0.286636860407
chrX	97800001	97900001	14383	4530.0	0.314955155392
chrX	97900001	98000001	16942	5160.0	0.304568527919
chrX	98000001	98100001	33314	9723.0	0.291859278381
chrX	98100001	98200001	18859	6056.0	0.321119889708
chrX	98200001	98300001	30882	9628.0	0.311767372579
chrX	98300001	98400001	24150	7634.0	0.316107660455
chrX	98400001	98500001	13310	4002.0	0.300676183321
chrX	98500001	98600001	22581	6862.0	0.303883796112
chrX	98600001	98700001	4457	1503.0	0.33722234687
chrX	98700001	98800001	8172	2609.0	0.319260890847
chrX	98800001	98900001	12235	4108.0	0.335758071107
chrX	98900001	99000001	36836	11516.0	0.31262894994
chrX	99000001	99100001	9627	3088.0	0.320764516464
chrX	99100001	99200001	18657	5493.0	0.294420324811
chrX	99200001	99300001	30031	9534.0	0.317471945656
chrX	99300001	99400001	30676	9098.0	0.296583648455
chrX	99400001	99500001	29422	8276.0	0.281286112433
chrX	99500001	99600001	45512	11725.0	0.257624362805
chrX	99600001	99700001	60440	15201.0	0.251505625414
chrX	99700001	99800001	21808	6459.0	0.296175715334
chrX	99800001	99900001	34968	9954.0	0.28466026081
chrX	99900001	100000001	36732	11190.0	0.304639006861
chrX	100000001	100100001	18805	5484.0	0.291624567934
chrX	100100001	100200001	24412	7389.0	0.302679010323
chrX	100200001	100300001	17981	5466.0	0.303987542406
chrX	100300001	100400001	21938	6125.0	0.279195915763
chrX	100400001	100500001	22727	6764.0	0.297619571435
chrX	100500001	100600001	20494	6240.0	0.304479359813
chrX	100600001	100700001	31717	9635.0	0.303780307091
chrX	100700001	100800001	8268	2413.0	0.291848089018
chrX	100800001	100900001	29482	9426.0	0.319720507428
chrX	100900001	101000001	26652	8521.0	0.319713342338
chrX	101000001	101100001	20451	6792.0	0.332110899223
chrX	101100001	101200001	17574	5325.0	0.303004438375
chrX	101200001	101300001	2862	957.0	0.334381551363
chrX	101300001	101400001	6263	2188.0	0.349353345042
chrX	101400001	101500001	1271	448.0	0.352478363493
chrX	101500001	101600001	10098	3703.0	0.366706278471
chrX	101600001	101700001	10153	3666.0	0.361075544174
chrX	101700001	101800001	8769	2831.0	0.322841829171
chrX	101800001	101900001	9276	3060.0	0.329883570505
chrX	101900001	102000001	14570	4873.0	0.33445435827
chrX	102000001	102100001	13732	4841.0	0.352534226624
chrX	102100001	102200001	7354	2800.0	0.380745172695
chrX	102200001	102300001	2280	843.0	0.369736842105
chrX	102300001	102400001	14905	5201.0	0.348943307615
chrX	102400001	102500001	11198	4084.0	0.364707983568
chrX	102500001	102600001	18018	5775.0	0.320512820513
chrX	102600001	102700001	11919	4044.0	0.33929020891
chrX	102700001	102800001	12157	4650.0	0.3824956815
chrX	102800001	102900001	12025	3826.0	0.31817047817
chrX	102900001	103000001	37787	11145.0	0.294942705163
chrX	103000001	103100001	40658	11480.0	0.282355256038
chrX	103100001	103200001	8206	2455.0	0.299171338045
chrX	103200001	103300001	3453	1223.0	0.354184766869
chrX	103300001	103400001	12602	4039.0	0.320504681797
chrX	103400001	103500001	21295	6449.0	0.302841042498
chrX	103500001	103600001	25609	7422.0	0.289819985161
chrX	103600001	103700001	29879	9294.0	0.311054586834
chrX	103700001	103800001	31088	9422.0	0.303075141534
chrX	103800001	103900001	26514	8054.0	0.303764049182
chrX	103900001	104000001	36657	10845.0	0.295850724282
chrX	104000001	104100001	29261	8815.0	0.301254229179
chrX	104100001	104200001	30020	9155.0	0.304963357761
chrX	104200001	104300001	33703	10387.0	0.308192149067
chrX	104300001	104400001	31922	9291.0	0.291053192156
chrX	104400001	104500001	28303	9033.0	0.319153446631
chrX	104500001	104600001	31478	9776.0	0.310566109664
chrX	104600001	104700001	29982	9074.0	0.30264825562
chrX	104700001	104800001	37396	11302.0	0.302224836881
chrX	104800001	104900001	32815	10423.0	0.317629133018
chrX	104900001	105000001	30700	9559.0	0.311368078176
chrX	105000001	105100001	45575	13076.0	0.286911684037
chrX	105100001	105200001	38980	12364.0	0.317188301693
chrX	105200001	105300001	11710	3805.0	0.324935952178
chrX	105300001	105400001	5377	1832.0	0.340710433327
chrX	105400001	105500001	25342	8236.0	0.324994080972
chrX	105500001	105600001	15047	5560.0	0.3695088722
chrX	105600001	105700001	10180	3557.0	0.349410609037
chrX	105700001	105800001	8678	2875.0	0.331297533994
chrX	105800001	105900001	14027	4450.0	0.317245312611
chrX	105900001	106000001	30642	9124.0	0.297761242739
chrX	106000001	106100001	35777	10549.0	0.294854235962
chrX	106100001	106200001	36066	10830.0	0.300282814839
chrX	106200001	106300001	24953	7619.0	0.305334027973
chrX	106300001	106400001	19518	5633.0	0.288605389897
chrX	106400001	106500001	28635	8362.0	0.292020254933
chrX	106500001	106600001	21801	6229.0	0.285720838494
chrX	106600001	106700001	28263	7873.0	0.278562077628
chrX	106700001	106800001	53011	14849.0	0.280111674935
chrX	106800001	106900001	29645	7749.0	0.261393152302
chrX	106900001	107000001	47450	13212.0	0.278440463646
chrX	107000001	107100001	43612	12178.0	0.279235072916
chrX	107100001	107200001	25757	7462.0	0.289707652289
chrX	107200001	107300001	16184	5179.0	0.320007414731
chrX	107300001	107400001	38930	11931.0	0.306473156948
chrX	107400001	107500001	52373	16077.0	0.306971149256
chrX	107500001	107600001	38039	11158.0	0.293330529194
chrX	107600001	107700001	37288	11102.0	0.297736537224
chrX	107700001	107800001	9577	2993.0	0.312519578156
chrX	107800001	107900001	23473	7480.0	0.318663996933
chrX	107900001	108000001	36199	10543.0	0.291251139534
chrX	108000001	108100001	4954	1510.0	0.304804198627
chrX	108100001	108200001	7742	2293.0	0.296176698528
chrX	108200001	108300001	13077	3723.0	0.284698325304
chrX	108300001	108400001	13528	4076.0	0.301301005322
chrX	108400001	108500001	6365	1930.0	0.303220738413
chrX	108500001	108600001	22927	7250.0	0.316221049418
chrX	108600001	108700001	43124	12622.0	0.292690845005
chrX	108700001	108800001	21001	6471.0	0.308128184372
chrX	108800001	108900001	20157	5948.0	0.295083593789
chrX	108900001	109000001	30030	9192.0	0.306093906094
chrX	109000001	109100001	28004	9004.0	0.321525496358
chrX	109100001	109200001	27109	8579.0	0.316463167214
chrX	109200001	109300001	35944	10528.0	0.292900066771
chrX	109300001	109400001	24253	8026.0	0.330928132602
chrX	109400001	109500001	48878	13468.0	0.275543189165
chrX	109500001	109600001	38696	10765.0	0.278194128592
chrX	109600001	109700001	46583	13243.0	0.284288259666
chrX	109700001	109800001	22627	7024.0	0.310425597737
chrX	109800001	109900001	9754	2882.0	0.295468525733
chrX	109900001	110000001	45148	13383.0	0.296425090812
chrX	110000001	110100001	30494	8915.0	0.292352593953
chrX	110100001	110200001	19728	6149.0	0.311688969992
chrX	110200001	110300001	31761	9922.0	0.312395705425
chrX	110300001	110400001	46810	14110.0	0.301431318094
chrX	110400001	110500001	41895	12107.0	0.288984365676
chrX	110500001	110600001	42655	12284.0	0.287984995897
chrX	110600001	110700001	29574	8502.0	0.28748224792
chrX	110700001	110800001	24001	6828.0	0.284488146327
chrX	110800001	110900001	11099	3370.0	0.303630957744
chrX	110900001	111000001	15381	4825.0	0.313698719199
chrX	111000001	111100001	24924	7612.0	0.305408441663
chrX	111100001	111200001	29198	9472.0	0.324405781218
chrX	111200001	111300001	24550	7567.0	0.308228105906
chrX	111300001	111400001	27344	8599.0	0.314474839087
chrX	111400001	111500001	29685	9605.0	0.323564089608
chrX	111500001	111600001	25871	8627.0	0.333462177728
chrX	111600001	111700001	20959	6919.0	0.330120711866
chrX	111700001	111800001	18948	6354.0	0.335338822039
chrX	111800001	111900001	19836	6348.0	0.320024198427
chrX	111900001	112000001	28334	9099.0	0.321133620385
chrX	112000001	112100001	53070	15308.0	0.288449218014
chrX	112100001	112200001	31546	9867.0	0.312781335193
chrX	112200001	112300001	18786	5984.0	0.318535079314
chrX	112300001	112400001	11415	3673.0	0.321769601402
chrX	112400001	112500001	8994	2974.0	0.330664887703
chrX	112500001	112600001	16178	5446.0	0.336629991346
chrX	112600001	112700001	8684	2808.0	0.323353293413
chrX	112700001	112800001	17496	5905.0	0.337505715592
chrX	112800001	112900001	10570	3487.0	0.329895931883
chrX	112900001	113000001	12528	4038.0	0.322318007663
chrX	113000001	113100001	21478	7108.0	0.330943290809
chrX	113100001	113200001	16836	5591.0	0.332086006177
chrX	113200001	113300001	5506	1862.0	0.338176534689
chrX	113300001	113400001	19189	6196.0	0.3228933243
chrX	113400001	113500001	10900	3488.0	0.32
chrX	113500001	113600001	13121	4346.0	0.331224754211
chrX	113600001	113700001	16252	5565.0	0.342419394536
chrX	113700001	113800001	17866	5657.0	0.316634949065
chrX	113800001	113900001	40175	12907.0	0.321269446173
chrX	113900001	114000001	28927	9430.0	0.325993016905
chrX	114000001	114100001	10477	3526.0	0.33654672139
chrX	114100001	114200001	12285	3577.0	0.291168091168
chrX	114200001	114300001	21392	6910.0	0.323017950636
chrX	114300001	114400001	19389	5933.0	0.305998246428
chrX	114400001	114500001	18049	5400.0	0.299185550446
chrX	114500001	114600001	18598	5652.0	0.303903645553
chrX	114600001	114700001	26595	8472.0	0.318556119571
chrX	114700001	114800001	22649	7073.0	0.312287518213
chrX	114800001	114900001	29193	8624.0	0.295413284006
chrX	114900001	115000001	1566	442.0	0.282247765006
chrX	115000001	115100001	1442	486.0	0.337031900139
chrX	115100001	115200001	6130	1805.0	0.294453507341
chrX	115200001	115300001	10853	3222.0	0.296876439694
chrX	115300001	115400001	18256	5762.0	0.315622261174
chrX	115400001	115500001	19673	6280.0	0.319219234484
chrX	115500001	115600001	30725	9752.0	0.31739625712
chrX	115600001	115700001	5152	1722.0	0.334239130435
chrX	115700001	115800001	7978	2598.0	0.325645525194
chrX	115800001	115900001	1477	522.0	0.353419092756
chrX	115900001	116000001	9248	3059.0	0.330774221453
chrX	116000001	116100001	10065	3165.0	0.314456035768
chrX	116100001	116200001	13719	4544.0	0.331219476638
chrX	116200001	116300001	9819	3136.0	0.319380792341
chrX	116300001	116400001	10959	3622.0	0.330504608085
chrX	116400001	116500001	13575	4292.0	0.316169429098
chrX	116500001	116600001	20337	6383.0	0.313861434823
chrX	116600001	116700001	25264	7211.0	0.28542590247
chrX	116700001	116800001	19349	5895.0	0.304666907851
chrX	116800001	116900001	28720	8627.0	0.300383008357
chrX	116900001	117000001	25551	7939.0	0.310711909514
chrX	117000001	117100001	32569	10215.0	0.313641806626
chrX	117100001	117200001	22697	6468.0	0.284971582147
chrX	117200001	117300001	21280	6352.0	0.298496240602
chrX	117300001	117400001	31663	9233.0	0.291602185516
chrX	117400001	117500001	25433	7557.0	0.297133645264
chrX	117500001	117600001	23043	7019.0	0.304604435186
chrX	117600001	117700001	35404	10548.0	0.297932437013
chrX	117700001	117800001	40932	12616.0	0.308218508746
chrX	117800001	117900001	29887	9236.0	0.309030682236
chrX	117900001	118000001	27186	8413.0	0.309460751858
chrX	118000001	118100001	15490	4839.0	0.312395093609
chrX	118100001	118200001	34592	10423.0	0.301312442183
chrX	118200001	118300001	30804	10247.0	0.332651603688
chrX	118300001	118400001	32968	9861.0	0.299108226159
chrX	118400001	118500001	13750	4082.0	0.296872727273
chrX	118500001	118600001	14887	4567.0	0.306777725532
chrX	118600001	118700001	21485	6579.0	0.306213637421
chrX	118700001	118800001	37248	10501.0	0.281921176976
chrX	118800001	118900001	24552	6962.0	0.283561420658
chrX	118900001	119000001	16436	4872.0	0.296422487223
chrX	119000001	119100001	14603	4456.0	0.305142778881
chrX	119100001	119200001	3153	1217.0	0.385981604821
chrX	119200001	119300001	7588	2913.0	0.383895624671
chrX	119300001	119400001	14104	4020.0	0.285025524674
chrX	119400001	119500001	41000	11095.0	0.270609756098
chrX	119500001	119600001	36286	10285.0	0.283442650058
chrX	119600001	119700001	24319	6850.0	0.28167276615
chrX	119700001	119800001	17859	5098.0	0.285458312336
chrX	119800001	119900001	19401	5737.0	0.295706406886
chrX	119900001	120000001	24373	7139.0	0.292906084602
chrX	120000001	120100001	5154	1878.0	0.364377182771
chrX	120100001	120200001	17499	5317.0	0.303845934053
chrX	120200001	120300001	19069	5775.0	0.302847553621
chrX	120300001	120400001	13269	4387.0	0.330620242671
chrX	120400001	120500001	25546	7808.0	0.30564471933
chrX	120500001	120600001	14053	4720.0	0.335871344197
chrX	120600001	120700001	16545	5178.0	0.312964641886
chrX	120700001	120800001	21152	6622.0	0.313067322239
chrX	120800001	120900001	10297	3426.0	0.332718267457
chrX	120900001	121000001	6931	2211.0	0.319001587073
chrX	121000001	121100001	8080	2532.0	0.313366336634
chrX	121100001	121200001	13508	4452.0	0.329582469648
chrX	121200001	121300001	10740	3780.0	0.351955307263
chrX	121300001	121400001	12641	4346.0	0.343801914406
chrX	121400001	121500001	6873	2314.0	0.336679761385
chrX	121500001	121600001	8684	2741.0	0.31563795486
chrX	121600001	121700001	17051	5604.0	0.328661075597
chrX	121700001	121800001	16401	5297.0	0.322968111701
chrX	121800001	121900001	13073	4085.0	0.31247609577
chrX	121900001	122000001	20377	6422.0	0.315159248172
chrX	122000001	122100001	18784	5953.0	0.316918654174
chrX	122100001	122200001	26393	8072.0	0.305838669344
chrX	122200001	122300001	23222	6758.0	0.29101713892
chrX	122300001	122400001	62180	17460.0	0.280797684143
chrX	122400001	122500001	46363	13060.0	0.281690140845
chrX	122500001	122600001	42611	11786.0	0.276595245359
chrX	122600001	122700001	29190	7284.0	0.249537512847
chrX	122700001	122800001	28268	7782.0	0.275293618226
chrX	122800001	122900001	18977	5724.0	0.301628286874
chrX	122900001	123000001	11853	3717.0	0.313591495824
chrX	123000001	123100001	24336	6079.0	0.249794543064
chrX	123100001	123200001	27550	8573.0	0.311179673321
chrX	123200001	123300001	15543	4250.0	0.273434986811
chrX	123300001	123400001	21371	5991.0	0.280333161761
chrX	123400001	123500001	23448	7115.0	0.303437393381
chrX	123500001	123600001	54203	14251.0	0.262919026622
chrX	123600001	123700001	56044	14908.0	0.266005281564
chrX	123700001	123800001	37843	10529.0	0.278228470259
chrX	123800001	123900001	37836	10853.0	0.286843218099
chrX	123900001	124000001	40864	11699.0	0.286291111981
chrX	124000001	124100001	37371	10843.0	0.290144764657
chrX	124100001	124200001	36333	10971.0	0.301956898687
chrX	124200001	124300001	45192	13447.0	0.297552664188
chrX	124300001	124400001	39936	10815.0	0.270808293269
chrX	124400001	124500001	10662	3354.0	0.314575126618
chrX	124500001	124600001	16785	5178.0	0.308489722967
chrX	124600001	124700001	8991	2804.0	0.311867422979
chrX	124700001	124800001	6541	2195.0	0.335575600061
chrX	124800001	124900001	13855	4395.0	0.317214002165
chrX	124900001	125000001	11669	3944.0	0.337989544948
chrX	125000001	125100001	3709	1352.0	0.364518738204
chrX	125100001	125200001	9761	3225.0	0.330396475771
chrX	125200001	125300001	9323	3316.0	0.355679502306
chrX	125300001	125400001	14079	4958.0	0.352155692876
chrX	125400001	125500001	7840	2485.0	0.316964285714
chrX	125500001	125600001	10557	3564.0	0.337595907928
chrX	125600001	125700001	10798	3787.0	0.350713095018
chrX	125700001	125800001	11987	4052.0	0.338032868941
chrX	125800001	125900001	16328	5516.0	0.337824595786
chrX	125900001	126000001	18589	5985.0	0.321964602722
chrX	126000001	126100001	10823	3485.0	0.321999445625
chrX	126100001	126200001	10905	3863.0	0.354241173773
chrX	126200001	126300001	6655	2387.0	0.35867768595
chrX	126300001	126400001	10763	3662.0	0.340239710118
chrX	126400001	126500001	12397	4482.0	0.361539082036
chrX	126500001	126600001	11990	4276.0	0.356630525438
chrX	126600001	126700001	8599	3022.0	0.351436213513
chrX	126700001	126800001	8415	2706.0	0.321568627451
chrX	126800001	126900001	4196	1487.0	0.354385128694
chrX	126900001	127000001	1532	575.0	0.375326370757
chrX	127000001	127100001	7989	2855.0	0.357366378771
chrX	127100001	127200001	5318	1790.0	0.336592704024
chrX	127200001	127300001	130	56.0	0.430769230769
chrX	127300001	127400001	4163	1480.0	0.355512851309
chrX	127400001	127500001	23695	7585.0	0.320109727791
chrX	127500001	127600001	24268	7684.0	0.316630954343
chrX	127600001	127700001	19536	6412.0	0.328214578215
chrX	127700001	127800001	41617	12984.0	0.311987889564
chrX	127800001	127900001	29345	8729.0	0.297461237008
chrX	127900001	128000001	31587	9375.0	0.296799316174
chrX	128000001	128100001	36656	10608.0	0.289393278045
chrX	128100001	128200001	35755	10429.0	0.291679485387
chrX	128200001	128300001	42568	11836.0	0.278049238865
chrX	128300001	128400001	27950	7992.0	0.285939177102
chrX	128400001	128500001	13422	3782.0	0.281776188347
chrX	128500001	128600001	21774	5946.0	0.273077982915
chrX	128600001	128700001	39875	11789.0	0.295648902821
chrX	128700001	128800001	43174	12916.0	0.299161532404
chrX	128800001	128900001	30371	9234.0	0.304040038194
chrX	128900001	129000001	40915	11449.0	0.279824025419
chrX	129000001	129100001	27396	7787.0	0.284238574974
chrX	129100001	129200001	42821	12345.0	0.288293127204
chrX	129200001	129300001	43739	12638.0	0.288941219507
chrX	129300001	129400001	21955	6309.0	0.287360510134
chrX	129400001	129500001	12864	3826.0	0.297419154229
chrX	129500001	129600001	27028	8158.0	0.301835133935
chrX	129600001	129700001	24962	8442.0	0.338194054964
chrX	129700001	129800001	29826	8482.0	0.284382753302
chrX	129800001	129900001	39220	11292.0	0.287914329424
chrX	129900001	130000001	32063	8813.0	0.274865109316
chrX	130000001	130100001	28578	8101.0	0.283469801946
chrX	130100001	130200001	42918	11878.0	0.27676033366
chrX	130200001	130300001	18129	5054.0	0.27877985548
chrX	130300001	130400001	40648	12488.0	0.307222987601
chrX	130400001	130500001	43974	12903.0	0.293423386547
chrX	130500001	130600001	25702	7914.0	0.307913781029
chrX	130600001	130700001	20294	6475.0	0.319059820637
chrX	130700001	130800001	19274	5859.0	0.303984642524
chrX	130800001	130900001	4952	2043.0	0.412560581583
chrX	130900001	131000001	15924	5668.0	0.355940718412
chrX	131000001	131100001	8482	2621.0	0.309007309597
chrX	131100001	131200001	47557	14285.0	0.300376390437
chrX	131200001	131300001	32089	9519.0	0.296643709682
chrX	131300001	131400001	31195	8932.0	0.286327937169
chrX	131400001	131500001	9981	3136.0	0.314196974251
chrX	131500001	131600001	49523	14734.0	0.297518324819
chrX	131600001	131700001	35953	11017.0	0.306427836342
chrX	131700001	131800001	43910	13585.0	0.309382828513
chrX	131800001	131900001	54959	16559.0	0.301297330737
chrX	131900001	132000001	44934	13008.0	0.289491253839
chrX	132000001	132100001	31468	9210.0	0.292678276344
chrX	132100001	132200001	33068	9928.0	0.300229829442
chrX	132200001	132300001	12242	4038.0	0.329848064042
chrX	132300001	132400001	33115	9992.0	0.301736373245
chrX	132400001	132500001	52485	15340.0	0.292273983043
chrX	132500001	132600001	40620	11209.0	0.275947808961
chrX	132600001	132700001	32484	9030.0	0.277983007019
chrX	132700001	132800001	37149	9968.0	0.268324853966
chrX	132800001	132900001	41572	11805.0	0.283965168864
chrX	132900001	133000001	49134	13680.0	0.278422273782
chrX	133000001	133100001	50009	13039.0	0.260733068048
chrX	133100001	133200001	37819	9021.0	0.238530897168
chrX	133200001	133300001	9975	2807.0	0.281403508772
chrX	133300001	133400001	30619	8666.0	0.283026878735
chrX	133400001	133500001	4384	1366.0	0.311587591241
chrX	133500001	133600001	29177	8132.0	0.278712684649
chrX	133600001	133700001	26287	7581.0	0.288393502492
chrX	133700001	133800001	42533	11614.0	0.27305856629
chrX	133800001	133900001	37851	10372.0	0.274021822409
chrX	133900001	134000001	29711	8391.0	0.282420652284
chrX	134000001	134100001	24802	7106.0	0.286509152488
chrX	134100001	134200001	7705	2918.0	0.378715120052
chrX	134200001	134300001	9307	3583.0	0.384979048028
chrX	134300001	134400001	12062	4993.0	0.413944619466
chrX	134400001	134500001	13278	4263.0	0.321057388161
chrX	134500001	134600001	7555	2835.0	0.375248180013
chrX	134600001	134700001	24222	7317.0	0.302080753034
chrX	134700001	134800001	11942	3645.0	0.305225255401
chrX	134800001	134900001	9615	3784.0	0.39355174207
chrX	134900001	135000001	8539	3440.0	0.402857477456
chrX	135000001	135100001	28725	8822.0	0.307119234117
chrX	135100001	135200001	24835	6947.0	0.279726192873
chrX	135200001	135300001	44698	13045.0	0.291847509956
chrX	135300001	135400001	32553	10342.0	0.317697293644
chrX	135400001	135500001	30567	8954.0	0.292930284294
chrX	135500001	135600001	37599	11773.0	0.313120029788
chrX	135600001	135700001	25952	8307.0	0.320090937115
chrX	135700001	135800001	46093	13748.0	0.298266548066
chrX	135800001	135900001	26117	7432.0	0.284565608607
chrX	135900001	136000001	7962	2037.0	0.255840241145
chrX	136000001	136100001	11104	3402.0	0.306376080692
chrX	136100001	136200001	34937	10364.0	0.296648252569
chrX	136200001	136300001	18707	5609.0	0.299834286631
chrX	136300001	136400001	36314	10116.0	0.278570248389
chrX	136400001	136500001	28064	8351.0	0.297569840365
chrX	136500001	136600001	30301	8520.0	0.281178838982
chrX	136600001	136700001	42116	11235.0	0.266763225378
chrX	136700001	136800001	24200	6712.0	0.277355371901
chrX	136800001	136900001	23907	6687.0	0.279708871879
chrX	136900001	137000001	34160	9588.0	0.280679156909
chrX	137000001	137100001	35708	10200.0	0.285650274448
chrX	137100001	137200001	15468	4883.0	0.315683992759
chrX	137200001	137300001	20440	6545.0	0.320205479452
chrX	137300001	137400001	29575	9383.0	0.317261200338
chrX	137400001	137500001	21195	6576.0	0.310261854211
chrX	137500001	137600001	17508	5794.0	0.330934429975
chrX	137600001	137700001	16847	5335.0	0.316673591737
chrX	137700001	137800001	47813	14109.0	0.2950871102
chrX	137800001	137900001	30705	9489.0	0.309037616023
chrX	137900001	138000001	41877	13499.0	0.322348783342
chrX	138000001	138100001	25213	8457.0	0.335422202832
chrX	138100001	138200001	28494	9158.0	0.321400996701
chrX	138200001	138300001	35488	10778.0	0.303708295762
chrX	138300001	138400001	24093	7479.0	0.310422114307
chrX	138400001	138500001	9478	2952.0	0.311458113526
chrX	138500001	138600001	22245	6833.0	0.307170150596
chrX	138600001	138700001	37921	11461.0	0.302233590886
chrX	138700001	138800001	21037	6543.0	0.3110234349
chrX	138800001	138900001	37213	10384.0	0.279042270174
chrX	138900001	139000001	23757	7315.0	0.307909247801
chrX	139000001	139100001	17207	4966.0	0.28860347533
chrX	139100001	139200001	26980	7067.0	0.261934766494
chrX	139200001	139300001	23996	6814.0	0.283963993999
chrX	139300001	139400001	11487	2821.0	0.245581962218
chrX	139400001	139500001	14297	3981.0	0.278450024481
chrX	139500001	139600001	37901	10776.0	0.284319674943
chrX	139600001	139700001	24641	7028.0	0.285215697415
chrX	139700001	139800001	22407	6844.0	0.305440264203
chrX	139800001	139900001	32587	10843.0	0.332740049713
chrX	139900001	140000001	22428	6848.0	0.305332619939
chrX	140000001	140100001	23956	7349.0	0.306770746368
chrX	140100001	140200001	14637	4871.0	0.332786773246
chrX	140200001	140300001	16605	5528.0	0.332911773562
chrX	140300001	140400001	13690	4285.0	0.313002191381
chrX	140400001	140500001	14353	4504.0	0.313801992615
chrX	140500001	140600001	19446	5910.0	0.303918543659
chrX	140600001	140700001	13686	4491.0	0.328145550197
chrX	140700001	140800001	13479	4318.0	0.320350174345
chrX	140800001	140900001	15897	5239.0	0.329559036296
chrX	140900001	141000001	9014	3547.0	0.393499001553
chrX	141000001	141100001	11877	3958.0	0.333249136987
chrX	141100001	141200001	19395	6710.0	0.345965455014
chrX	141200001	141300001	11284	4501.0	0.39888337469
chrX	141300001	141400001	14126	4870.0	0.344754353674
chrX	141400001	141500001	12287	4614.0	0.375518841052
chrX	141500001	141600001	17117	6132.0	0.358240345855
chrX	141600001	141700001	21542	7448.0	0.345743199332
chrX	141700001	141800001	17281	6010.0	0.347780799722
chrX	141800001	141900001	5103	1803.0	0.353321575544
chrX	141900001	142000001	13639	4624.0	0.339027787961
chrX	142000001	142100001	19042	6391.0	0.33562650982
chrX	142100001	142200001	17180	5898.0	0.343306169965
chrX	142200001	142300001	12503	4444.0	0.355434695673
chrX	142300001	142400001	18963	6572.0	0.346569635606
chrX	142400001	142500001	26831	9256.0	0.344974097126
chrX	142500001	142600001	19951	6474.0	0.324495012781
chrX	142600001	142700001	13163	4718.0	0.358428929575
chrX	142700001	142800001	32896	9742.0	0.296145428016
chrX	142800001	142900001	15892	5583.0	0.351308834634
chrX	142900001	143000001	7962	2826.0	0.354935945742
chrX	143000001	143100001	12992	4607.0	0.354602832512
chrX	143100001	143200001	13012	4467.0	0.343298493698
chrX	143200001	143300001	8080	2992.0	0.370297029703
chrX	143300001	143400001	9395	3045.0	0.324108568387
chrX	143400001	143500001	10703	3804.0	0.355414369803
chrX	143500001	143600001	5057	1829.0	0.361676883528
chrX	143600001	143700001	9319	3266.0	0.350466788282
chrX	143700001	143800001	14274	5077.0	0.35568165896
chrX	143800001	143900001	4620	1658.0	0.358874458874
chrX	143900001	144000001	1860	639.0	0.343548387097
chrX	144000001	144100001	9303	3165.0	0.340212834569
chrX	144100001	144200001	9244	3144.0	0.340112505409
chrX	144200001	144300001	16274	5886.0	0.361681209291
chrX	144300001	144400001	8138	2842.0	0.349225854018
chrX	144400001	144500001	13832	4502.0	0.325477154425
chrX	144500001	144600001	12140	4066.0	0.334925864909
chrX	144600001	144700001	16897	5521.0	0.326744392496
chrX	144700001	144800001	17047	5000.0	0.293306740189
chrX	144800001	144900001	25686	7713.0	0.300280308339
chrX	144900001	145000001	31807	9282.0	0.291822554784
chrX	145000001	145100001	2581	1000.0	0.387446726075
chrX	145100001	145200001	6612	2160.0	0.32667876588
chrX	145200001	145300001	22371	7589.0	0.339233829511
chrX	145300001	145400001	16973	5406.0	0.318505862252
chrX	145400001	145500001	21888	7219.0	0.329815423977
chrX	145500001	145600001	13706	4349.0	0.317306289216
chrX	145600001	145700001	10098	3352.0	0.331946920182
chrX	145700001	145800001	6523	2313.0	0.354591445654
chrX	145800001	145900001	10402	3410.0	0.327821572774
chrX	145900001	146000001	14461	4817.0	0.333102828297
chrX	146000001	146100001	11038	3953.0	0.358126472187
chrX	146100001	146200001	2602	955.0	0.367025365104
chrX	146200001	146300001	1126	397.0	0.352575488455
chrX	146300001	146400001	6216	2368.0	0.380952380952
chrX	146400001	146500001	11448	3905.0	0.341107617051
chrX	146500001	146600001	13141	4082.0	0.310630850011
chrX	146600001	146700001	22274	7271.0	0.32643440783
chrX	146700001	146800001	11307	3718.0	0.3288228531
chrX	146800001	146900001	27636	9018.0	0.326313504125
chrX	146900001	147000001	15875	4850.0	0.305511811024
chrX	147000001	147100001	30828	8331.0	0.270241339042
chrX	147100001	147200001	14771	4611.0	0.312165730147
chrX	147200001	147300001	26836	8008.0	0.298405127441
chrX	147300001	147400001	25333	7774.0	0.306872458848
chrX	147400001	147500001	17881	5405.0	0.302276159052
chrX	147500001	147600001	37045	11085.0	0.299230665407
chrX	147600001	147700001	54367	15849.0	0.291518752184
chrX	147700001	147800001	48920	14780.0	0.302125919869
chrX	147800001	147900001	45703	13473.0	0.29479465243
chrX	147900001	148000001	53069	16146.0	0.304245416345
chrX	148000001	148100001	59456	17177.0	0.288902717976
chrX	148100001	148200001	17686	5489.0	0.31035847563
chrX	148200001	148300001	18474	5327.0	0.288351196276
chrX	148300001	148400001	30313	8981.0	0.296275525352
chrX	148400001	148500001	10559	3391.0	0.321147835969
chrX	148500001	148600001	22960	7428.0	0.323519163763
chrX	148600001	148700001	14959	5784.0	0.38665686209
chrX	148700001	148800001	6577	2167.0	0.329481526532
chrX	148800001	148900001	5040	1817.0	0.360515873016
chrX	148900001	149000001	0	0.0	NA
chrX	149000001	149100001	2965	1161.0	0.391568296796
chrX	149100001	149200001	26826	8366.0	0.31186162678
chrX	149200001	149300001	21577	6581.0	0.305000695185
chrX	149300001	149400001	35191	11603.0	0.329714983945
chrX	149400001	149500001	32985	10641.0	0.322601182356
chrX	149500001	149600001	32112	9773.0	0.304341056303
chrX	149600001	149700001	31381	10238.0	0.326248366846
chrX	149700001	149800001	33695	10932.0	0.324439827868
chrX	149800001	149900001	31282	9196.0	0.293970973723
chrX	149900001	150000001	22848	7967.0	0.348695728291
chrX	150000001	150100001	17010	5479.0	0.322104644327
chrX	150100001	150200001	16693	5151.0	0.30857245552
chrX	150200001	150300001	6864	2255.0	0.328525641026
chrX	150300001	150400001	12421	4113.0	0.331132759037
chrX	150400001	150500001	16964	5112.0	0.301344022636
chrX	150500001	150600001	22203	7011.0	0.315768139441
chrX	150600001	150700001	7197	2064.0	0.2867861609
chrX	150700001	150800001	6984	2330.0	0.333619702176
chrX	150800001	150900001	24132	7954.0	0.329603845516
chrX	150900001	151000001	32161	10677.0	0.331985945711
chrX	151000001	151100001	10413	3819.0	0.36675309709
chrX	151100001	151200001	22903	7281.0	0.317905951185
chrX	151200001	151300001	6821	2687.0	0.393930508723
chrX	151300001	151400001	19823	6478.0	0.326792110175
chrX	151400001	151500001	11028	3736.0	0.338774029742
chrX	151500001	151600001	14711	4793.0	0.325810617905
chrX	151600001	151700001	7758	2380.0	0.306780097963
chrX	151700001	151800001	16228	4954.0	0.305274833621
chrX	151800001	151900001	17886	6044.0	0.337917924634
chrX	151900001	152000001	10945	3797.0	0.346916400183
chrX	152000001	152100001	27758	9181.0	0.330751495064
chrX	152100001	152200001	12325	4249.0	0.344746450304
chrX	152200001	152300001	6937	2585.0	0.372639469511
chrX	152300001	152400001	9585	3803.0	0.396765779864
chrX	152400001	152500001	0	0.0	NA
chrX	152500001	152600001	15483	6005.0	0.387844732933
chrX	152600001	152700001	26453	8806.0	0.33289229955
chrX	152700001	152800001	45119	15936.0	0.353199317361
chrX	152800001	152900001	41194	15005.0	0.364252075545
chrX	152900001	153000001	40018	13530.0	0.338097855965
chrX	153000001	153100001	33766	12002.0	0.355446306936
chrX	153100001	153200001	30271	10489.0	0.346503253939
chrX	153200001	153300001	36623	11693.0	0.319280233733
chrX	153300001	153400001	14040	3774.0	0.268803418803
chrX	153400001	153500001	23984	8376.0	0.349232821881
chrX	153500001	153600001	23495	7908.0	0.336582251543
chrX	153600001	153700001	33808	11706.0	0.346249408424
chrX	153700001	153800001	24095	8245.0	0.342187175763
chrX	153800001	153900001	13840	4818.0	0.348121387283
chrX	153900001	154000001	19563	6018.0	0.30762153044
chrX	154000001	154100001	15120	4692.0	0.310317460317
chrX	154100001	154200001	7228	2144.0	0.29662423907
chrX	154200001	154300001	15584	4479.0	0.287410164271
chrX	154300001	154400001	13121	4004.0	0.305159667708
chrX	154400001	154500001	15259	4369.0	0.286322825873
chrX	154500001	154600001	0	0.0	NA
chrX	154600001	154700001	0	0.0	NA
chrX	154700001	154800001	0	0.0	NA
chrX	154800001	154900001	0	0.0	NA
chrX	154900001	155000001	9114	2236.0	0.245336844415
chrX	155000001	155100001	10022	2440.0	0.243464378368
chrX	155100001	155200001	8065	2332.0	0.289150650961
chrX	155200001	155270560	0	0.0	NA
