chrX	1	1000001	80057	25747.0	0.321608354048
chrX	100001	1100001	83923	27085.0	0.322736317815
chrX	200001	1200001	93190	30013.0	0.322062453053
chrX	300001	1300001	100342	32496.0	0.323852424708
chrX	400001	1400001	103416	33547.0	0.324388875996
chrX	500001	1500001	105915	34511.0	0.325836755889
chrX	600001	1600001	92178	30266.0	0.328342988566
chrX	700001	1700001	78762	25694.0	0.326223305655
chrX	800001	1800001	68566	22739.0	0.331636671236
chrX	900001	1900001	55850	18845.0	0.337421665175
chrX	1000001	2000001	46493	15956.0	0.343191448175
chrX	1100001	2100001	48204	16578.0	0.343913368185
chrX	1200001	2200001	45410	16020.0	0.352785730015
chrX	1300001	2300001	55554	19591.0	0.35264787414
chrX	1400001	2400001	60921	21441.0	0.351947604274
chrX	1500001	2500001	73041	25406.0	0.347832039539
chrX	1600001	2600001	83806	28985.0	0.345858291769
chrX	1700001	2700001	93812	32763.0	0.349241035262
chrX	1800001	2800001	105601	37063.0	0.350972055189
chrX	1900001	2900001	112028	39221.0	0.350099975006
chrX	2000001	3000001	125686	43899.0	0.349275177824
chrX	2100001	3100001	137659	47757.0	0.346922467837
chrX	2200001	3200001	162992	55976.0	0.343427898302
chrX	2300001	3300001	170680	58223.0	0.341123740333
chrX	2400001	3400001	188700	64322.0	0.340869104399
chrX	2500001	3500001	196146	66939.0	0.341271297911
chrX	2600001	3600001	204827	69809.0	0.340819325577
chrX	2700001	3700001	208009	70572.0	0.339273781423
chrX	2800001	3800001	196940	66392.0	0.33711790393
chrX	2900001	3900001	201512	67648.0	0.335702092183
chrX	3000001	4000001	209036	69498.0	0.332469048394
chrX	3100001	4100001	216763	71544.0	0.330056328802
chrX	3200001	4200001	210298	69101.0	0.328586101627
chrX	3300001	4300001	215653	70607.0	0.327410237743
chrX	3400001	4400001	217677	70537.0	0.324044340927
chrX	3500001	4500001	224996	72125.0	0.320561254422
chrX	3600001	4600001	222858	70866.0	0.317987238511
chrX	3700001	4700001	234231	73917.0	0.315573088105
chrX	3800001	4800001	251613	79428.0	0.315675263202
chrX	3900001	4900001	260758	82326.0	0.315718022074
chrX	4000001	5000001	266499	84287.0	0.316275107974
chrX	4100001	5100001	264208	83929.0	0.317662599164
chrX	4200001	5200001	266601	84728.0	0.317808260284
chrX	4300001	5300001	263458	83622.0	0.317401635175
chrX	4400001	5400001	260655	82731.0	0.31739655867
chrX	4500001	5500001	259040	82163.0	0.31718267449
chrX	4600001	5600001	264672	83623.0	0.315949552654
chrX	4700001	5700001	272915	85780.0	0.314310316399
chrX	4800001	5800001	282532	88306.0	0.312552206476
chrX	4900001	5900001	307970	95756.0	0.310926388934
chrX	5000001	6000001	318825	99117.0	0.310882145378
chrX	5100001	6100001	340755	105172.0	0.30864404044
chrX	5200001	6200001	358530	110091.0	0.30706217053
chrX	5300001	6300001	361020	110260.0	0.305412442524
chrX	5400001	6400001	370444	112761.0	0.304394186436
chrX	5500001	6500001	367316	111352.0	0.303150420891
chrX	5600001	6600001	370787	112335.0	0.302963696138
chrX	5700001	6700001	373723	113501.0	0.303703545139
chrX	5800001	6800001	374969	113336.0	0.30225431969
chrX	5900001	6900001	355856	106788.0	0.300087675914
chrX	6000001	7000001	351374	105090.0	0.29908302834
chrX	6100001	7100001	340928	103229.0	0.302788272011
chrX	6200001	7200001	322943	98375.0	0.304620319995
chrX	6300001	7300001	332735	102124.0	0.306922926653
chrX	6400001	7400001	338992	103676.0	0.305836125926
chrX	6500001	7500001	349462	106642.0	0.30516050386
chrX	6600001	7600001	352359	107408.0	0.30482547629
chrX	6700001	7700001	335481	102016.0	0.304088756144
chrX	6800001	7800001	343698	104716.0	0.304674452572
chrX	6900001	7900001	359779	109502.0	0.30435906487
chrX	7000001	8000001	361656	108662.0	0.300456787666
chrX	7100001	8100001	361057	106583.0	0.295197157236
chrX	7200001	8200001	367090	106763.0	0.29083603476
chrX	7300001	8300001	368540	105597.0	0.286527920986
chrX	7400001	8400001	370366	106069.0	0.286389679398
chrX	7500001	8500001	372568	106782.0	0.286610766357
chrX	7600001	8600001	376599	108011.0	0.286806390883
chrX	7700001	8700001	409668	116567.0	0.284540164231
chrX	7800001	8800001	394506	111187.0	0.281838552519
chrX	7900001	8900001	396987	110237.0	0.277684155904
chrX	8000001	9000001	369601	102914.0	0.278446216325
chrX	8100001	9100001	370965	102106.0	0.275244295284
chrX	8200001	9200001	380207	104099.0	0.273795590297
chrX	8300001	9300001	386786	104933.0	0.271294721112
chrX	8400001	9400001	372740	100762.0	0.270327842464
chrX	8500001	9500001	363448	98330.0	0.270547643679
chrX	8600001	9600001	372200	101463.0	0.272603439011
chrX	8700001	9700001	356555	98986.0	0.277617758831
chrX	8800001	9800001	357104	99923.0	0.279814843855
chrX	8900001	9900001	349791	100375.0	0.28695706865
chrX	9000001	10000001	366220	104533.0	0.285437715035
chrX	9100001	10100001	383047	110594.0	0.28872174955
chrX	9200001	10200001	374211	108753.0	0.290619463351
chrX	9300001	10300001	369468	106904.0	0.289345762015
chrX	9400001	10400001	385938	108845.0	0.282027164985
chrX	9500001	10500001	410606	112205.0	0.273266830002
chrX	9600001	10600001	422780	110336.0	0.260977340461
chrX	9700001	10700001	431690	108236.0	0.250726215571
chrX	9800001	10800001	430625	105993.0	0.246137590711
chrX	9900001	10900001	435901	103129.0	0.236588124368
chrX	10000001	11000001	454849	105166.0	0.231210797429
chrX	10100001	11100001	441098	97979.0	0.22212524201
chrX	10200001	11200001	452169	100399.0	0.222038662535
chrX	10300001	11300001	438523	96804.0	0.220750108888
chrX	10400001	11400001	446516	98395.0	0.220361644376
chrX	10500001	11500001	448715	99154.0	0.220973223538
chrX	10600001	11600001	430886	95788.0	0.222304739537
chrX	10700001	11700001	435517	97005.0	0.222735277842
chrX	10800001	11800001	449079	100770.0	0.224392590168
chrX	10900001	11900001	442545	99695.0	0.225276525551
chrX	11000001	12000001	432382	98020.0	0.226697688618
chrX	11100001	12100001	437110	99153.0	0.226837638123
chrX	11200001	12200001	435727	96818.0	0.222198762069
chrX	11300001	12300001	455686	101383.0	0.222484342288
chrX	11400001	12400001	460031	105141.0	0.228551988888
chrX	11500001	12500001	454059	106818.0	0.235251366012
chrX	11600001	12600001	452196	108137.0	0.239137453671
chrX	11700001	12700001	446444	108413.0	0.242836727563
chrX	11800001	12800001	446051	108477.0	0.243194163896
chrX	11900001	12900001	434772	107684.0	0.247679243374
chrX	12000001	13000001	432651	109682.0	0.253511490786
chrX	12100001	13100001	430953	111711.0	0.25921852267
chrX	12200001	13200001	429151	112896.0	0.263068244045
chrX	12300001	13300001	416000	110429.0	0.265454326923
chrX	12400001	13400001	406692	107983.0	0.265515426908
chrX	12500001	13500001	392297	101765.0	0.259408050533
chrX	12600001	13600001	386374	99305.0	0.257017811758
chrX	12700001	13700001	378321	97210.0	0.256951107657
chrX	12800001	13800001	388271	99778.0	0.256980304993
chrX	12900001	13900001	405277	104243.0	0.257214201645
chrX	13000001	14000001	410938	104588.0	0.254510412763
chrX	13100001	14100001	409561	103135.0	0.251818410444
chrX	13200001	14200001	398682	99014.0	0.248353324203
chrX	13300001	14300001	390505	96132.0	0.246173544513
chrX	13400001	14400001	377088	90720.0	0.240580448065
chrX	13500001	14500001	382909	91054.0	0.237795403085
chrX	13600001	14600001	401928	93427.0	0.232447104954
chrX	13700001	14700001	415122	94641.0	0.22798358073
chrX	13800001	14800001	396863	88845.0	0.223868186251
chrX	13900001	14900001	381559	83101.0	0.217793316368
chrX	14000001	15000001	379062	81343.0	0.214590225346
chrX	14100001	15100001	369337	78406.0	0.212288506161
chrX	14200001	15200001	375377	80047.0	0.213244285079
chrX	14300001	15300001	387112	83344.0	0.21529686499
chrX	14400001	15400001	398380	86072.0	0.216055022843
chrX	14500001	15500001	401521	87823.0	0.218725795164
chrX	14600001	15600001	396293	89461.0	0.225744587969
chrX	14700001	15700001	395485	90762.0	0.229495429662
chrX	14800001	15800001	402339	93978.0	0.233579145944
chrX	14900001	15900001	420749	98061.0	0.233062942514
chrX	15000001	16000001	418903	96871.0	0.231249239084
chrX	15100001	16100001	423012	97396.0	0.23024405927
chrX	15200001	16200001	426295	98186.0	0.230324071359
chrX	15300001	16300001	409761	93626.0	0.228489290098
chrX	15400001	16400001	384285	87596.0	0.227945405103
chrX	15500001	16500001	372747	84127.0	0.225694640064
chrX	15600001	16600001	353132	77718.0	0.220082008994
chrX	15700001	16700001	339878	74422.0	0.218966805736
chrX	15800001	16800001	326534	70675.0	0.216439941936
chrX	15900001	16900001	320196	69356.0	0.216604829542
chrX	16000001	17000001	310237	67531.0	0.217675519039
chrX	16100001	17100001	325314	71017.0	0.218302931937
chrX	16200001	17200001	324686	70639.0	0.217560966595
chrX	16300001	17300001	332083	72092.0	0.217090305737
chrX	16400001	17400001	342629	74453.0	0.217299177828
chrX	16500001	17500001	365368	79925.0	0.218752052725
chrX	16600001	17600001	388316	85836.0	0.221046776337
chrX	16700001	17700001	415131	91178.0	0.219636692996
chrX	16800001	17800001	430646	94213.0	0.218771334228
chrX	16900001	17900001	440435	96307.0	0.218663366899
chrX	17000001	18000001	450559	98896.0	0.2194962258
chrX	17100001	18100001	453941	99401.0	0.218973390815
chrX	17200001	18200001	451356	99122.0	0.219609354922
chrX	17300001	18300001	446721	98966.0	0.221538723275
chrX	17400001	18400001	448023	98661.0	0.220214140792
chrX	17500001	18500001	423022	92765.0	0.219291195257
chrX	17600001	18600001	410314	89205.0	0.217406669039
chrX	17700001	18700001	401430	87517.0	0.218013103156
chrX	17800001	18800001	395169	85809.0	0.217145069578
chrX	17900001	18900001	354227	76861.0	0.216982330539
chrX	18000001	19000001	358397	79687.0	0.22234282095
chrX	18100001	19100001	351532	78856.0	0.224320972202
chrX	18200001	19200001	351581	79026.0	0.224773238599
chrX	18300001	19300001	360677	80724.0	0.223812441603
chrX	18400001	19400001	358266	81881.0	0.228548062054
chrX	18500001	19500001	356133	82802.0	0.232503025555
chrX	18600001	19600001	362187	85727.0	0.236692647721
chrX	18700001	19700001	365993	86772.0	0.237086501654
chrX	18800001	19800001	387415	91758.0	0.2368467922
chrX	18900001	19900001	418190	98876.0	0.236437982735
chrX	19000001	20000001	413800	95414.0	0.230579990333
chrX	19100001	20100001	411170	95320.0	0.231826251915
chrX	19200001	20200001	416661	96050.0	0.230523135115
chrX	19300001	20300001	422671	96049.0	0.227242938361
chrX	19400001	20400001	430917	96400.0	0.223708974118
chrX	19500001	20500001	445197	98276.0	0.22074721977
chrX	19600001	20600001	439677	94994.0	0.216054057865
chrX	19700001	20700001	416283	88941.0	0.213655133647
chrX	19800001	20800001	380114	80739.0	0.212407330432
chrX	19900001	20900001	368567	77322.0	0.209790892836
chrX	20000001	21000001	365161	76790.0	0.210290803235
chrX	20100001	21100001	341095	70993.0	0.208132631672
chrX	20200001	21200001	336311	69406.0	0.206374456976
chrX	20300001	21300001	313365	65347.0	0.208533180157
chrX	20400001	21400001	297888	62019.0	0.208195697712
chrX	20500001	21500001	301645	62884.0	0.208470221618
chrX	20600001	21600001	319246	66345.0	0.207817795681
chrX	20700001	21700001	348046	71963.0	0.206762899157
chrX	20800001	21800001	380084	79078.0	0.208054009114
chrX	20900001	21900001	390619	81537.0	0.208737926215
chrX	21000001	22000001	390257	82400.0	0.211142913516
chrX	21100001	22100001	416253	88303.0	0.212137810418
chrX	21200001	22200001	422509	90399.0	0.213957572501
chrX	21300001	22300001	447392	95698.0	0.213901902582
chrX	21400001	22400001	467627	100458.0	0.214825063566
chrX	21500001	22500001	455731	97893.0	0.214804347301
chrX	21600001	22600001	441254	95869.0	0.217264885984
chrX	21700001	22700001	417902	91563.0	0.219101607554
chrX	21800001	22800001	403545	88892.0	0.220277788103
chrX	21900001	22900001	388385	86024.0	0.221491561209
chrX	22000001	23000001	399512	88052.0	0.220398886642
chrX	22100001	23100001	381734	84141.0	0.220417882609
chrX	22200001	23200001	378056	83926.0	0.221993567091
chrX	22300001	23300001	374260	84530.0	0.225859028483
chrX	22400001	23400001	382701	86091.0	0.224956297475
chrX	22500001	23500001	381321	85470.0	0.224141864728
chrX	22600001	23600001	364550	81886.0	0.224622136881
chrX	22700001	23700001	368986	86592.0	0.234675570347
chrX	22800001	23800001	355306	83398.0	0.234721620237
chrX	22900001	23900001	362524	84754.0	0.233788659509
chrX	23000001	24000001	343887	80094.0	0.232907902887
chrX	23100001	24100001	349860	80238.0	0.229343165838
chrX	23200001	24200001	328370	74593.0	0.227161433749
chrX	23300001	24300001	315533	70375.0	0.22303530851
chrX	23400001	24400001	285978	65023.0	0.227370636902
chrX	23500001	24500001	285544	65327.0	0.228780853389
chrX	23600001	24600001	313168	72132.0	0.230330046493
chrX	23700001	24700001	307330	67410.0	0.219340773761
chrX	23800001	24800001	328919	70950.0	0.215706602537
chrX	23900001	24900001	359122	75548.0	0.210368621248
chrX	24000001	25000001	386217	80058.0	0.207287612922
chrX	24100001	25100001	406993	84098.0	0.206632546506
chrX	24200001	25200001	420929	86253.0	0.204911042005
chrX	24300001	25300001	436527	88702.0	0.203199343912
chrX	24400001	25400001	439411	88636.0	0.20171547822
chrX	24500001	25500001	446425	89396.0	0.200248641989
chrX	24600001	25600001	435701	86281.0	0.198028005444
chrX	24700001	25700001	430859	85515.0	0.198475603388
chrX	24800001	25800001	421929	84995.0	0.201443844817
chrX	24900001	25900001	394383	81187.0	0.205858264682
chrX	25000001	26000001	368666	77460.0	0.21010887904
chrX	25100001	26100001	343768	73905.0	0.214985106234
chrX	25200001	26200001	345694	76783.0	0.222112619831
chrX	25300001	26300001	333497	77315.0	0.231831170895
chrX	25400001	26400001	329514	76809.0	0.233097834993
chrX	25500001	26500001	331428	78915.0	0.238106013976
chrX	25600001	26600001	320581	77182.0	0.24075662625
chrX	25700001	26700001	314325	76248.0	0.242576950608
chrX	25800001	26800001	296904	72179.0	0.243105515588
chrX	25900001	26900001	289168	70582.0	0.244086482598
chrX	26000001	27000001	294061	71345.0	0.24261972856
chrX	26100001	27100001	293981	71180.0	0.242124491039
chrX	26200001	27200001	297503	71814.0	0.241389162462
chrX	26300001	27300001	307769	72471.0	0.235472058589
chrX	26400001	27400001	303281	71875.0	0.236991436984
chrX	26500001	27500001	300263	70683.0	0.235403629485
chrX	26600001	27600001	291481	67773.0	0.232512582295
chrX	26700001	27700001	302155	69337.0	0.229474938359
chrX	26800001	27800001	311661	71373.0	0.229008441865
chrX	26900001	27900001	328979	76362.0	0.232118159518
chrX	27000001	28000001	337213	78026.0	0.231384911021
chrX	27100001	28100001	340276	79311.0	0.233078442206
chrX	27200001	28200001	330969	76318.0	0.230589571833
chrX	27300001	28300001	322248	74062.0	0.229829199871
chrX	27400001	28400001	337122	76397.0	0.226615290607
chrX	27500001	28500001	326693	73720.0	0.225655278809
chrX	27600001	28600001	342387	76927.0	0.224678507069
chrX	27700001	28700001	364335	80468.0	0.2208626676
chrX	27800001	28800001	378579	83656.0	0.220973693734
chrX	27900001	28900001	383936	83605.0	0.217757647108
chrX	28000001	29000001	390493	86181.0	0.220697938247
chrX	28100001	29100001	414354	90837.0	0.219225589713
chrX	28200001	29200001	434591	95471.0	0.219680113026
chrX	28300001	29300001	452699	99463.0	0.219711110473
chrX	28400001	29400001	457271	100842.0	0.220530057668
chrX	28500001	29500001	479386	106276.0	0.22169191424
chrX	28600001	29600001	484350	108128.0	0.223243522246
chrX	28700001	29700001	470341	107236.0	0.227996283547
chrX	28800001	29800001	482757	109792.0	0.227427049219
chrX	28900001	29900001	485742	110259.0	0.226990871697
chrX	29000001	30000001	499729	112045.0	0.224211522645
chrX	29100001	30100001	473507	106242.0	0.224372606952
chrX	29200001	30200001	453010	101465.0	0.223979603099
chrX	29300001	30300001	442106	100776.0	0.227945334377
chrX	29400001	30400001	436092	99528.0	0.228227071352
chrX	29500001	30500001	428289	97702.0	0.228121665511
chrX	29600001	30600001	417435	95462.0	0.228687100986
chrX	29700001	30700001	406127	92681.0	0.228206940194
chrX	29800001	30800001	388020	89022.0	0.229426318231
chrX	29900001	30900001	365257	84394.0	0.231053751194
chrX	30000001	31000001	336633	78846.0	0.23421946155
chrX	30100001	31100001	342369	79441.0	0.232033274041
chrX	30200001	31200001	368130	85290.0	0.231684459294
chrX	30300001	31300001	386965	88219.0	0.227976690398
chrX	30400001	31400001	410446	92344.0	0.224984529025
chrX	30500001	31500001	417010	93295.0	0.223723651711
chrX	30600001	31600001	436984	96844.0	0.221619098182
chrX	30700001	31700001	460162	101360.0	0.22027025265
chrX	30800001	31800001	471397	103643.0	0.219863512072
chrX	30900001	31900001	482756	106023.0	0.219620263653
chrX	31000001	32000001	498313	109999.0	0.220742786161
chrX	31100001	32100001	521727	116334.0	0.222978684254
chrX	31200001	32200001	525444	117532.0	0.223681305715
chrX	31300001	32300001	514920	115545.0	0.224394080634
chrX	31400001	32400001	523716	119443.0	0.228068266007
chrX	31500001	32500001	525156	121969.0	0.232252892474
chrX	31600001	32600001	527524	124065.0	0.235183612499
chrX	31700001	32700001	510364	121666.0	0.238390638838
chrX	31800001	32800001	508360	122091.0	0.240166417499
chrX	31900001	32900001	509230	122910.0	0.241364412937
chrX	32000001	33000001	512851	123858.0	0.241508742305
chrX	32100001	33100001	502932	121376.0	0.241336800999
chrX	32200001	33200001	497236	120003.0	0.241340128229
chrX	32300001	33300001	495235	119553.0	0.241406604945
chrX	32400001	33400001	473263	114457.0	0.241846499726
chrX	32500001	33500001	446808	107339.0	0.240235179316
chrX	32600001	33600001	407952	98168.0	0.240636153273
chrX	32700001	33700001	403430	97655.0	0.242061819894
chrX	32800001	33800001	387075	93946.0	0.242707485629
chrX	32900001	33900001	372620	90633.0	0.24323171059
chrX	33000001	34000001	345339	84203.0	0.243827080058
chrX	33100001	34100001	319611	78630.0	0.246017815407
chrX	33200001	34200001	288046	71755.0	0.24910951723
chrX	33300001	34300001	278556	69270.0	0.248675311248
chrX	33400001	34400001	272464	67515.0	0.247794204005
chrX	33500001	34500001	271732	67222.0	0.247383451342
chrX	33600001	34600001	290361	70962.0	0.244392325416
chrX	33700001	34700001	305869	72206.0	0.236068382216
chrX	33800001	34800001	311946	72949.0	0.233851371712
chrX	33900001	34900001	311713	72498.0	0.232579327779
chrX	34000001	35000001	320231	74318.0	0.232076219979
chrX	34100001	35100001	327515	76328.0	0.233051921286
chrX	34200001	35200001	340223	79611.0	0.233996525808
chrX	34300001	35300001	331523	78236.0	0.235989659843
chrX	34400001	35400001	321756	76214.0	0.236868931737
chrX	34500001	35500001	322033	76256.0	0.236795607904
chrX	34600001	35600001	312337	74403.0	0.238213852345
chrX	34700001	35700001	274570	66662.0	0.242786903158
chrX	34800001	35800001	258437	63346.0	0.245111961523
chrX	34900001	35900001	256467	63594.0	0.24796172607
chrX	35000001	36000001	250001	62236.0	0.248943004228
chrX	35100001	36100001	254425	63002.0	0.247625036848
chrX	35200001	36200001	249332	61633.0	0.247192498356
chrX	35300001	36300001	258393	63537.0	0.245892884095
chrX	35400001	36400001	274063	66875.0	0.244013237832
chrX	35500001	36500001	269795	65882.0	0.244192813062
chrX	35600001	36600001	270333	66440.0	0.245770956561
chrX	35700001	36700001	275031	68026.0	0.247339390832
chrX	35800001	36800001	297901	80812.0	0.271271328394
chrX	35900001	36900001	298723	81263.0	0.272034627397
chrX	36000001	37000001	294567	80075.0	0.271839683332
chrX	36100001	37100001	287277	78182.0	0.272148483867
chrX	36200001	37200001	272113	74148.0	0.272489737719
chrX	36300001	37300001	273670	73642.0	0.269090510469
chrX	36400001	37400001	261750	70950.0	0.27106017192
chrX	36500001	37500001	278796	74132.0	0.265900515072
chrX	36600001	37600001	295968	76990.0	0.260129473457
chrX	36700001	37700001	315508	81437.0	0.258113898855
chrX	36800001	37800001	304611	71209.0	0.233770284067
chrX	36900001	37900001	304312	70506.0	0.231689844633
chrX	37000001	38000001	322602	74835.0	0.231973143378
chrX	37100001	38100001	339247	78904.0	0.232585697147
chrX	37200001	38200001	366815	84873.0	0.231378215177
chrX	37300001	38300001	374254	86081.0	0.230006893714
chrX	37400001	38400001	377522	85581.0	0.226691424606
chrX	37500001	38500001	388106	87627.0	0.225781101039
chrX	37600001	38600001	393403	89873.0	0.228450215174
chrX	37700001	38700001	398845	90283.0	0.226361117727
chrX	37800001	38800001	412595	93305.0	0.226141858239
chrX	37900001	38900001	426246	95843.0	0.224853722967
chrX	38000001	39000001	415732	93393.0	0.224647128439
chrX	38100001	39100001	415477	93151.0	0.224202543101
chrX	38200001	39200001	413334	92843.0	0.224619799
chrX	38300001	39300001	407669	92920.0	0.227930011848
chrX	38400001	39400001	424871	98175.0	0.231070136583
chrX	38500001	39500001	412164	96161.0	0.233307615415
chrX	38600001	39600001	407737	94106.0	0.230800736749
chrX	38700001	39700001	404609	94070.0	0.232496064101
chrX	38800001	39800001	406293	95198.0	0.234308737783
chrX	38900001	39900001	406475	95263.0	0.234363737007
chrX	39000001	40000001	434234	100169.0	0.230679771736
chrX	39100001	40100001	433040	97911.0	0.226101514872
chrX	39200001	40200001	426319	96760.0	0.226966191983
chrX	39300001	40300001	409343	92851.0	0.226829333835
chrX	39400001	40400001	394642	89320.0	0.2263317133
chrX	39500001	40500001	396611	89537.0	0.225755211025
chrX	39600001	40600001	394082	88566.0	0.224740028725
chrX	39700001	40700001	366059	81546.0	0.222767368102
chrX	39800001	40800001	336027	73590.0	0.219000258908
chrX	39900001	40900001	316191	69272.0	0.219082769592
chrX	40000001	41000001	285902	63597.0	0.222443354716
chrX	40100001	41100001	281730	64767.0	0.22989032052
chrX	40200001	41200001	273445	63145.0	0.2309239518
chrX	40300001	41300001	274934	62594.0	0.227669186059
chrX	40400001	41400001	275789	62424.0	0.226346953649
chrX	40500001	41500001	281153	62732.0	0.223124064122
chrX	40600001	41600001	274921	61837.0	0.224926433412
chrX	40700001	41700001	292798	65878.0	0.224994706248
chrX	40800001	41800001	317801	70666.0	0.222359275144
chrX	40900001	41900001	327944	72271.0	0.220376039812
chrX	41000001	42000001	334567	73098.0	0.218485385588
chrX	41100001	42100001	332652	72125.0	0.216818176352
chrX	41200001	42200001	333238	71423.0	0.214330298465
chrX	41300001	42300001	335827	72391.0	0.215560392702
chrX	41400001	42400001	336090	72168.0	0.214728197804
chrX	41500001	42500001	324811	70026.0	0.215589989255
chrX	41600001	42600001	324826	70118.0	0.215863262177
chrX	41700001	42700001	323105	69781.0	0.215970040699
chrX	41800001	42800001	310237	67660.0	0.218091330177
chrX	41900001	42900001	299965	65754.0	0.219205573984
chrX	42000001	43000001	301932	66637.0	0.220702012374
chrX	42100001	43100001	294821	65068.0	0.220703409866
chrX	42200001	43200001	286668	63712.0	0.222250129069
chrX	42300001	43300001	277258	61696.0	0.222521983135
chrX	42400001	43400001	266141	59848.0	0.224873281456
chrX	42500001	43500001	256850	58418.0	0.22744014016
chrX	42600001	43600001	262288	60720.0	0.231501250534
chrX	42700001	43700001	282258	66261.0	0.234753310801
chrX	42800001	43800001	290654	69237.0	0.238211068831
chrX	42900001	43900001	323078	75810.0	0.234649217836
chrX	43000001	44000001	321563	74891.0	0.232896819597
chrX	43100001	44100001	331432	76575.0	0.231042868522
chrX	43200001	44200001	352072	81025.0	0.230137585494
chrX	43300001	44300001	355032	81397.0	0.229266657653
chrX	43400001	44400001	361878	82443.0	0.227819872996
chrX	43500001	44500001	355187	80408.0	0.226382159257
chrX	43600001	44600001	339858	75513.0	0.222189855763
chrX	43700001	44700001	306271	66813.0	0.218149939106
chrX	43800001	44800001	293516	62742.0	0.213760067594
chrX	43900001	44900001	272487	58691.0	0.215390092004
chrX	44000001	45000001	283558	60779.0	0.21434415534
chrX	44100001	45100001	269477	59055.0	0.219146717531
chrX	44200001	45200001	250083	54883.0	0.219459139566
chrX	44300001	45300001	247272	54350.0	0.219798440584
chrX	44400001	45400001	240666	52502.0	0.218152958872
chrX	44500001	45500001	242434	52903.0	0.218216091802
chrX	44600001	45600001	242966	52943.0	0.217902916457
chrX	44700001	45700001	282461	62431.0	0.221025203479
chrX	44800001	45800001	297243	65692.0	0.221004363433
chrX	44900001	45900001	289623	63619.0	0.219661421917
chrX	45000001	46000001	252529	56271.0	0.222829853205
chrX	45100001	46100001	248391	53932.0	0.217125419198
chrX	45200001	46200001	258986	55864.0	0.215702779301
chrX	45300001	46300001	258625	55604.0	0.214998550024
chrX	45400001	46400001	247479	54730.0	0.22115007738
chrX	45500001	46500001	268844	60451.0	0.224855306423
chrX	45600001	46600001	280400	63922.0	0.227967189729
chrX	45700001	46700001	250890	56901.0	0.226796604089
chrX	45800001	46800001	240186	53877.0	0.224313656916
chrX	45900001	46900001	249987	55503.0	0.222023545224
chrX	46000001	47000001	265467	59157.0	0.222841257105
chrX	46100001	47100001	285067	64251.0	0.225389119049
chrX	46200001	47200001	273442	62413.0	0.228249500808
chrX	46300001	47300001	267213	61309.0	0.229438687489
chrX	46400001	47400001	271456	61450.0	0.22637186137
chrX	46500001	47500001	275661	62130.0	0.225385527877
chrX	46600001	47600001	257206	57913.0	0.225161932459
chrX	46700001	47700001	242241	54846.0	0.22641088833
chrX	46800001	47800001	228420	52748.0	0.230925488136
chrX	46900001	47900001	218390	52535.0	0.240555886259
chrX	47000001	48000001	215865	52213.0	0.241878025618
chrX	47100001	48100001	194708	47657.0	0.244761386281
chrX	47200001	48200001	201004	49170.0	0.244621997572
chrX	47300001	48300001	211359	51732.0	0.244758917292
chrX	47400001	48400001	229766	56109.0	0.244200621502
chrX	47500001	48500001	207736	51303.0	0.246962490854
chrX	47600001	48600001	226410	55602.0	0.245581025573
chrX	47700001	48700001	247010	61002.0	0.246961661471
chrX	47800001	48800001	257113	63579.0	0.247280378666
chrX	47900001	48900001	267134	65181.0	0.244001138006
chrX	48000001	49000001	270650	65993.0	0.243831516719
chrX	48100001	49100001	286512	69545.0	0.242729798403
chrX	48200001	49200001	299198	73186.0	0.244607250048
chrX	48300001	49300001	294625	73388.0	0.249089520577
chrX	48400001	49400001	287754	73717.0	0.256180626507
chrX	48500001	49500001	283505	72247.0	0.254835011728
chrX	48600001	49600001	276008	71226.0	0.258057737457
chrX	48700001	49700001	273530	69453.0	0.253913647498
chrX	48800001	49800001	284627	71819.0	0.252326729369
chrX	48900001	49900001	286407	71345.0	0.249103548447
chrX	49000001	50000001	284347	70625.0	0.248376103845
chrX	49100001	50100001	265917	66105.0	0.248592605964
chrX	49200001	50200001	278994	66761.0	0.239291884413
chrX	49300001	50300001	301411	69533.0	0.230691646954
chrX	49400001	50400001	308077	68306.0	0.221717297948
chrX	49500001	50500001	327643	71694.0	0.218817432388
chrX	49600001	50600001	333801	71129.0	0.213088037483
chrX	49700001	50700001	324950	69350.0	0.213417448838
chrX	49800001	50800001	291704	61853.0	0.212040287415
chrX	49900001	50900001	256703	54572.0	0.21258808818
chrX	50000001	51000001	243169	51562.0	0.21204183099
chrX	50100001	51100001	246810	53117.0	0.215214132329
chrX	50200001	51200001	205479	45072.0	0.219350882572
chrX	50300001	51300001	182193	41222.0	0.226254576191
chrX	50400001	51400001	161137	37085.0	0.230145776575
chrX	50500001	51500001	140473	33552.0	0.238850170495
chrX	50600001	51600001	117444	29390.0	0.250246926195
chrX	50700001	51700001	119447	29679.0	0.248470032734
chrX	50800001	51800001	124953	31305.0	0.25053420086
chrX	50900001	51900001	136851	34463.0	0.251828631139
chrX	51000001	52000001	144293	36703.0	0.254364383581
chrX	51100001	52100001	134019	34308.0	0.255993553153
chrX	51200001	52200001	147626	38899.0	0.263496944983
chrX	51300001	52300001	144779	38458.0	0.265632446695
chrX	51400001	52400001	152098	41786.0	0.274730765691
chrX	51500001	52500001	146476	40935.0	0.279465577979
chrX	51600001	52600001	140888	39981.0	0.283778604281
chrX	51700001	52700001	125325	37203.0	0.296852184321
chrX	51800001	52800001	115718	34590.0	0.298916331081
chrX	51900001	52900001	117010	35674.0	0.304879924793
chrX	52000001	53000001	130133	41217.0	0.316729807197
chrX	52100001	53100001	137684	42259.0	0.306927457076
chrX	52200001	53200001	131144	38621.0	0.294493076313
chrX	52300001	53300001	157740	43404.0	0.275161658425
chrX	52400001	53400001	166170	43060.0	0.259132213998
chrX	52500001	53500001	184516	46381.0	0.251365735221
chrX	52600001	53600001	197941	48461.0	0.244825478299
chrX	52700001	53700001	237566	57200.0	0.240775195104
chrX	52800001	53800001	259923	61918.0	0.238216702639
chrX	52900001	53900001	251313	58719.0	0.233648876103
chrX	53000001	54000001	234342	51413.0	0.219393023871
chrX	53100001	54100001	241407	52265.0	0.216501592746
chrX	53200001	54200001	241208	52469.0	0.217525952705
chrX	53300001	54300001	228256	48791.0	0.213755607739
chrX	53400001	54400001	222464	46969.0	0.211130789701
chrX	53500001	54500001	218679	46195.0	0.211245707178
chrX	53600001	54600001	224853	48079.0	0.213824142884
chrX	53700001	54700001	182241	38150.0	0.209338184053
chrX	53800001	54800001	164405	34488.0	0.20977464189
chrX	53900001	54900001	186051	39877.0	0.214333704199
chrX	54000001	55000001	192343	41885.0	0.217762018893
chrX	54100001	55100001	187002	41400.0	0.221388006545
chrX	54200001	55200001	183850	41805.0	0.22738645635
chrX	54300001	55300001	158109	37072.0	0.234471155975
chrX	54400001	55400001	133833	32386.0	0.24198814941
chrX	54500001	55500001	126303	31241.0	0.247349627483
chrX	54600001	55600001	135049	34552.0	0.255847877437
chrX	54700001	55700001	140791	35953.0	0.255364334368
chrX	54800001	55800001	153970	38513.0	0.25013314282
chrX	54900001	55900001	126838	31832.0	0.250965798893
chrX	55000001	56000001	114146	28633.0	0.250845408512
chrX	55100001	56100001	94404	24146.0	0.255773060464
chrX	55200001	56200001	86314	21376.0	0.247653914776
chrX	55300001	56300001	103157	25456.0	0.246769487286
chrX	55400001	56400001	108749	26681.0	0.24534478478
chrX	55500001	56500001	93139	22699.0	0.243711012573
chrX	55600001	56600001	62869	14290.0	0.227298032417
chrX	55700001	56700001	54707	12300.0	0.224834116292
chrX	55800001	56800001	47412	11887.0	0.250717118029
chrX	55900001	56900001	57128	15260.0	0.267119451057
chrX	56000001	57000001	50715	13749.0	0.271103223898
chrX	56100001	57100001	58476	15733.0	0.269050550653
chrX	56200001	57200001	66435	17696.0	0.266365620531
chrX	56300001	57300001	49592	13616.0	0.27456041297
chrX	56400001	57400001	43685	12303.0	0.281629850063
chrX	56500001	57500001	43685	12303.0	0.281629850063
chrX	56600001	57600001	38960	11381.0	0.292120123203
chrX	56700001	57700001	46496	13755.0	0.295831899518
chrX	56800001	57800001	36091	10552.0	0.292372059516
chrX	56900001	57900001	27754	7532.0	0.271384304965
chrX	57000001	58000001	36521	9669.0	0.264751786643
chrX	57100001	58100001	28476	7610.0	0.267242590251
chrX	57200001	58200001	17682	4864.0	0.275082004298
chrX	57300001	58300001	17682	4864.0	0.275082004298
chrX	57400001	58400001	17682	4864.0	0.275082004298
chrX	57500001	58500001	17682	4864.0	0.275082004298
chrX	57600001	58600001	17682	4864.0	0.275082004298
chrX	57700001	58700001	10146	2490.0	0.245416913069
chrX	57800001	58800001	10146	2490.0	0.245416913069
chrX	57900001	58900001	8767	2137.0	0.243754990305
chrX	58000001	59000001	0	0.0	NA
chrX	58100001	59100001	0	0.0	NA
chrX	58200001	59200001	0	0.0	NA
chrX	58300001	59300001	0	0.0	NA
chrX	58400001	59400001	0	0.0	NA
chrX	58500001	59500001	0	0.0	NA
chrX	58600001	59600001	0	0.0	NA
chrX	58700001	59700001	0	0.0	NA
chrX	58800001	59800001	0	0.0	NA
chrX	58900001	59900001	0	0.0	NA
chrX	59000001	60000001	0	0.0	NA
chrX	59100001	60100001	0	0.0	NA
chrX	59200001	60200001	0	0.0	NA
chrX	59300001	60300001	0	0.0	NA
chrX	59400001	60400001	0	0.0	NA
chrX	59500001	60500001	0	0.0	NA
chrX	59600001	60600001	0	0.0	NA
chrX	59700001	60700001	0	0.0	NA
chrX	59800001	60800001	0	0.0	NA
chrX	59900001	60900001	0	0.0	NA
chrX	60000001	61000001	0	0.0	NA
chrX	60100001	61100001	0	0.0	NA
chrX	60200001	61200001	0	0.0	NA
chrX	60300001	61300001	0	0.0	NA
chrX	60400001	61400001	0	0.0	NA
chrX	60500001	61500001	0	0.0	NA
chrX	60600001	61600001	0	0.0	NA
chrX	60700001	61700001	0	0.0	NA
chrX	60800001	61800001	0	0.0	NA
chrX	60900001	61900001	0	0.0	NA
chrX	61000001	62000001	0	0.0	NA
chrX	61100001	62100001	4464	1213.0	0.271729390681
chrX	61200001	62200001	4464	1213.0	0.271729390681
chrX	61300001	62300001	4464	1213.0	0.271729390681
chrX	61400001	62400001	4464	1213.0	0.271729390681
chrX	61500001	62500001	4464	1213.0	0.271729390681
chrX	61600001	62600001	10593	2764.0	0.260927027282
chrX	61700001	62700001	10593	2764.0	0.260927027282
chrX	61800001	62800001	18378	4801.0	0.261236260747
chrX	61900001	62900001	36897	9270.0	0.251239938206
chrX	62000001	63000001	77395	18849.0	0.243542864526
chrX	62100001	63100001	84590	20398.0	0.241139614612
chrX	62200001	63200001	90933	22129.0	0.243354997636
chrX	62300001	63300001	90933	22129.0	0.243354997636
chrX	62400001	63400001	92019	22408.0	0.243514926265
chrX	62500001	63500001	122829	29569.0	0.240733051641
chrX	62600001	63600001	119812	28714.0	0.239658798785
chrX	62700001	63700001	126191	30313.0	0.240215229295
chrX	62800001	63800001	118406	28276.0	0.238805465939
chrX	62900001	63900001	99887	23807.0	0.238339323435
chrX	63000001	64000001	59389	14228.0	0.239572984896
chrX	63100001	64100001	48483	11672.0	0.240744178372
chrX	63200001	64200001	53674	12817.0	0.238793456795
chrX	63300001	64300001	69156	16341.0	0.236291861877
chrX	63400001	64400001	70459	16669.0	0.236577300274
chrX	63500001	64500001	41727	10010.0	0.239892635464
chrX	63600001	64600001	43532	10553.0	0.242419369659
chrX	63700001	64700001	37700	9090.0	0.241114058355
chrX	63800001	64800001	68882	15978.0	0.231961905868
chrX	63900001	64900001	97059	22571.0	0.232549274153
chrX	64000001	65000001	129072	29912.0	0.23174662204
chrX	64100001	65100001	128319	29706.0	0.231501180651
chrX	64200001	65200001	117654	27057.0	0.229970931715
chrX	64300001	65300001	140056	33116.0	0.236448277832
chrX	64400001	65400001	148176	35224.0	0.237717309146
chrX	64500001	65500001	163234	39326.0	0.240917946016
chrX	64600001	65600001	158317	38087.0	0.240574290822
chrX	64700001	65700001	159410	38398.0	0.240875729252
chrX	64800001	65800001	128228	31510.0	0.245734161026
chrX	64900001	65900001	106820	26685.0	0.249812769144
chrX	65000001	66000001	81346	21126.0	0.259705455708
chrX	65100001	66100001	89691	23422.0	0.261141028643
chrX	65200001	66200001	105651	27536.0	0.260631702492
chrX	65300001	66300001	76681	20399.0	0.266024178088
chrX	65400001	66400001	77810	20845.0	0.267896157306
chrX	65500001	66500001	63852	17065.0	0.267258660653
chrX	65600001	66600001	78238	20988.0	0.268258391063
chrX	65700001	66700001	77136	20705.0	0.268422007882
chrX	65800001	66800001	111266	28614.0	0.257167508493
chrX	65900001	66900001	139477	35280.0	0.252944929988
chrX	66000001	67000001	176496	43331.0	0.245506980328
chrX	66100001	67100001	171778	41934.0	0.244117407351
chrX	66200001	67200001	154948	37593.0	0.24261687792
chrX	66300001	67300001	165229	39819.0	0.240992803927
chrX	66400001	67400001	166406	39619.0	0.238086367078
chrX	66500001	67500001	189713	45447.0	0.239556593381
chrX	66600001	67600001	191545	45455.0	0.237307160197
chrX	66700001	67700001	213909	50286.0	0.235081272878
chrX	66800001	67800001	194987	45631.0	0.234020729587
chrX	66900001	67900001	186043	43545.0	0.23405879286
chrX	67000001	68000001	183224	44270.0	0.241616818757
chrX	67100001	68100001	220965	52624.0	0.238155363972
chrX	67200001	68200001	260773	61981.0	0.237681815219
chrX	67300001	68300001	285008	67990.0	0.238554707236
chrX	67400001	68400001	325597	77611.0	0.238365218353
chrX	67500001	68500001	343240	81785.0	0.238273511246
chrX	67600001	68600001	362681	86241.0	0.237787477149
chrX	67700001	68700001	364000	86549.0	0.237771978022
chrX	67800001	68800001	388735	91909.0	0.236430987691
chrX	67900001	68900001	387758	90560.0	0.233547728222
chrX	68000001	69000001	364793	83613.0	0.229206700786
chrX	68100001	69100001	338475	77466.0	0.228867715489
chrX	68200001	69200001	329294	74145.0	0.225163531677
chrX	68300001	69300001	323555	72093.0	0.222815286427
chrX	68400001	69400001	298625	65917.0	0.22073503558
chrX	68500001	69500001	286797	62453.0	0.217760297353
chrX	68600001	69600001	280671	60256.0	0.214685521482
chrX	68700001	69700001	295958	62723.0	0.211932098473
chrX	68800001	69800001	288501	61541.0	0.213312952121
chrX	68900001	69900001	277799	59543.0	0.214338424544
chrX	69000001	70000001	270807	58175.0	0.2148208872
chrX	69100001	70100001	264417	56868.0	0.215069379049
chrX	69200001	70200001	248727	54007.0	0.217133644518
chrX	69300001	70300001	231681	49359.0	0.213047250314
chrX	69400001	70400001	251223	53122.0	0.21145356914
chrX	69500001	70500001	247690	51961.0	0.209782389277
chrX	69600001	70600001	243022	51050.0	0.210063286451
chrX	69700001	70700001	227728	48466.0	0.212824070821
chrX	69800001	70800001	224009	46349.0	0.206906865349
chrX	69900001	70900001	238308	51269.0	0.215137553083
chrX	70000001	71000001	233449	50883.0	0.217961953146
chrX	70100001	71100001	237620	53013.0	0.223099907415
chrX	70200001	71200001	254987	56852.0	0.222960386216
chrX	70300001	71300001	277506	62848.0	0.226474382536
chrX	70400001	71400001	268093	61460.0	0.229248805452
chrX	70500001	71500001	261167	60534.0	0.231782729058
chrX	70600001	71600001	273251	62704.0	0.229474000095
chrX	70700001	71700001	277679	62724.0	0.22588672532
chrX	70800001	71800001	283479	64416.0	0.227233763348
chrX	70900001	71900001	285558	63174.0	0.221230012817
chrX	71000001	72000001	290165	63584.0	0.219130494719
chrX	71100001	72100001	301976	65861.0	0.218100113916
chrX	71200001	72200001	282412	62019.0	0.219604691019
chrX	71300001	72300001	240396	52308.0	0.217590974891
chrX	71400001	72400001	205727	44564.0	0.216617167411
chrX	71500001	72500001	188142	40206.0	0.213700290206
chrX	71600001	72600001	151436	32820.0	0.216725217253
chrX	71700001	72700001	132476	29874.0	0.225504997132
chrX	71800001	72800001	106857	24751.0	0.23162731501
chrX	71900001	72900001	81430	19142.0	0.235073068894
chrX	72000001	73000001	80727	18766.0	0.232462497058
chrX	72100001	73100001	84038	18893.0	0.224814964659
chrX	72200001	73200001	80880	18009.0	0.222663204748
chrX	72300001	73300001	79728	17743.0	0.22254415011
chrX	72400001	73400001	75800	16706.0	0.220395778364
chrX	72500001	73500001	87042	19556.0	0.224673146297
chrX	72600001	73600001	112316	25370.0	0.225880551302
chrX	72700001	73700001	134160	29901.0	0.222875670841
chrX	72800001	73800001	153320	34409.0	0.224426037047
chrX	72900001	73900001	173812	38294.0	0.220318505051
chrX	73000001	74000001	186519	40719.0	0.218310198961
chrX	73100001	74100001	176019	38210.0	0.21707883808
chrX	73200001	74200001	198924	42646.0	0.214383382598
chrX	73300001	74300001	215348	46133.0	0.21422534688
chrX	73400001	74400001	235101	50642.0	0.215405293895
chrX	73500001	74500001	225454	48233.0	0.213937211138
chrX	73600001	74600001	219236	46396.0	0.211625827875
chrX	73700001	74700001	202981	42981.0	0.2117488829
chrX	73800001	74800001	183953	38791.0	0.21087451686
chrX	73900001	74900001	158467	33948.0	0.214227567885
chrX	74000001	75000001	137881	30187.0	0.218935168732
chrX	74100001	75100001	125339	27646.0	0.220569814663
chrX	74200001	75200001	93086	20999.0	0.225587091507
chrX	74300001	75300001	77260	17693.0	0.229005953922
chrX	74400001	75400001	71201	16479.0	0.231443378604
chrX	74500001	75500001	66622	15409.0	0.231289964276
chrX	74600001	75600001	47327	11369.0	0.240222283263
chrX	74700001	75700001	32052	7993.0	0.249376013977
chrX	74800001	75800001	22976	5791.0	0.252045612813
chrX	74900001	75900001	22913	5746.0	0.250774669402
chrX	75000001	76000001	30045	7554.0	0.251422865701
chrX	75100001	76100001	29472	7369.0	0.25003393051
chrX	75200001	76200001	46522	11031.0	0.237113623662
chrX	75300001	76300001	66641	15634.0	0.234600321124
chrX	75400001	76400001	58232	13581.0	0.233222283281
chrX	75500001	76500001	58033	13523.0	0.233022590595
chrX	75600001	76600001	61991	14433.0	0.23282411963
chrX	75700001	76700001	75622	17349.0	0.229417365317
chrX	75800001	76800001	100614	21670.0	0.215377581649
chrX	75900001	76900001	123003	26807.0	0.217937773875
chrX	76000001	77000001	138353	29586.0	0.213844296835
chrX	76100001	77100001	150163	31815.0	0.211869768185
chrX	76200001	77200001	158567	33667.0	0.212320344082
chrX	76300001	77300001	162299	33878.0	0.208738193088
chrX	76400001	77400001	182229	37992.0	0.208484928304
chrX	76500001	77500001	181152	37762.0	0.208454778308
chrX	76600001	77600001	192375	40413.0	0.210074074074
chrX	76700001	77700001	179844	37783.0	0.210087631503
chrX	76800001	77800001	154852	33462.0	0.216090202258
chrX	76900001	77900001	137135	29561.0	0.2155613082
chrX	77000001	78000001	139991	30974.0	0.221257080812
chrX	77100001	78100001	150395	33864.0	0.225167060075
chrX	77200001	78200001	129155	29521.0	0.228570322481
chrX	77300001	78300001	119482	28430.0	0.237943790697
chrX	77400001	78400001	109252	27135.0	0.248370739208
chrX	77500001	78500001	129118	32298.0	0.250143279791
chrX	77600001	78600001	127875	32372.0	0.253153470186
chrX	77700001	78700001	132661	33635.0	0.253540980394
chrX	77800001	78800001	132661	33635.0	0.253540980394
chrX	77900001	78900001	127738	32332.0	0.253111838294
chrX	78000001	79000001	100452	25777.0	0.256610122247
chrX	78100001	79100001	73900	19560.0	0.264682002706
chrX	78200001	79200001	69451	18312.0	0.263667909749
chrX	78300001	79300001	54675	14408.0	0.263520804755
chrX	78400001	79400001	39690	10347.0	0.260695389267
chrX	78500001	79500001	20228	5277.0	0.260876013447
chrX	78600001	79600001	19000	4629.0	0.243631578947
chrX	78700001	79700001	27824	6690.0	0.240439907993
chrX	78800001	79800001	33917	8188.0	0.241412860807
chrX	78900001	79900001	33917	8188.0	0.241412860807
chrX	79000001	80000001	70536	16339.0	0.231640580696
chrX	79100001	80100001	91293	20875.0	0.228659371474
chrX	79200001	80200001	92970	21353.0	0.229676239647
chrX	79300001	80300001	92970	21353.0	0.229676239647
chrX	79400001	80400001	105270	24147.0	0.229381590197
chrX	79500001	80500001	130541	30373.0	0.232670195571
chrX	79600001	80600001	137492	32196.0	0.234166351497
chrX	79700001	80700001	133492	31290.0	0.234396068678
chrX	79800001	80800001	128751	30162.0	0.234266141622
chrX	79900001	80900001	128751	30162.0	0.234266141622
chrX	80000001	81000001	92132	22011.0	0.238907220076
chrX	80100001	81100001	76326	18779.0	0.246036737154
chrX	80200001	81200001	74649	18301.0	0.245160685341
chrX	80300001	81300001	75200	18469.0	0.245598404255
chrX	80400001	81400001	63282	15777.0	0.24931260074
chrX	80500001	81500001	43745	11153.0	0.254954851983
chrX	80600001	81600001	25875	6827.0	0.263845410628
chrX	80700001	81700001	17787	4797.0	0.269691347613
chrX	80800001	81800001	25125	6754.0	0.268815920398
chrX	80900001	81900001	33707	8896.0	0.26392144065
chrX	81000001	82000001	52860	13462.0	0.254672720393
chrX	81100001	82100001	62504	15846.0	0.253519774734
chrX	81200001	82200001	65421	16683.0	0.25500985922
chrX	81300001	82300001	73183	18918.0	0.258502657721
chrX	81400001	82400001	78519	20439.0	0.260306422649
chrX	81500001	82500001	74316	19240.0	0.258894450724
chrX	81600001	82600001	84190	21611.0	0.256693193966
chrX	81700001	82700001	89756	23026.0	0.256539952761
chrX	81800001	82800001	116057	28946.0	0.249411926898
chrX	81900001	82900001	113174	28379.0	0.250755473872
chrX	82000001	83000001	94021	23813.0	0.253273204922
chrX	82100001	83100001	81234	20687.0	0.254659379078
chrX	82200001	83200001	87784	22498.0	0.256288161852
chrX	82300001	83300001	82618	20918.0	0.253189377617
chrX	82400001	83400001	100632	24586.0	0.244315923364
chrX	82500001	83500001	132661	32106.0	0.242015362465
chrX	82600001	83600001	138497	33319.0	0.240575608136
chrX	82700001	83700001	140038	33800.0	0.241363058598
chrX	82800001	83800001	123034	29870.0	0.242778418974
chrX	82900001	83900001	124016	30025.0	0.242105857309
chrX	83000001	84000001	132161	31987.0	0.242030553643
chrX	83100001	84100001	137559	33050.0	0.240260542749
chrX	83200001	84200001	128092	30402.0	0.237345033257
chrX	83300001	84300001	128688	30514.0	0.237116125824
chrX	83400001	84400001	128481	30584.0	0.238042979118
chrX	83500001	84500001	115269	27291.0	0.236759232751
chrX	83600001	84600001	132684	30463.0	0.229590606252
chrX	83700001	84700001	142243	32397.0	0.22775813221
chrX	83800001	84800001	139583	31816.0	0.227936066713
chrX	83900001	84900001	141143	32124.0	0.22759895992
chrX	84000001	85000001	136089	30860.0	0.22676336809
chrX	84100001	85100001	128883	29235.0	0.226833639813
chrX	84200001	85200001	167743	37780.0	0.225225493761
chrX	84300001	85300001	186671	41827.0	0.224068012707
chrX	84400001	85400001	181410	40357.0	0.222462929276
chrX	84500001	85500001	197741	43090.0	0.217911308226
chrX	84600001	85600001	188415	41231.0	0.218830772497
chrX	84700001	85700001	203271	44147.0	0.217182972485
chrX	84800001	85800001	218458	47342.0	0.216709848117
chrX	84900001	85900001	227247	49287.0	0.216887351648
chrX	85000001	86000001	268298	58966.0	0.219778008036
chrX	85100001	86100001	309178	68321.0	0.220976266099
chrX	85200001	86200001	273401	60561.0	0.221509796965
chrX	85300001	86300001	250726	55579.0	0.221672263746
chrX	85400001	86400001	234012	52141.0	0.222813359999
chrX	85500001	86500001	196929	44685.0	0.226909190622
chrX	85600001	86600001	171338	39304.0	0.22939453011
chrX	85700001	86700001	142989	33434.0	0.233822182126
chrX	85800001	86800001	124884	29767.0	0.238357195477
chrX	85900001	86900001	128004	31109.0	0.243031467767
chrX	86000001	87000001	89564	22206.0	0.247934437944
chrX	86100001	87100001	48686	12851.0	0.263956784291
chrX	86200001	87200001	45603	12066.0	0.264587856062
chrX	86300001	87300001	45603	12066.0	0.264587856062
chrX	86400001	87400001	44057	11613.0	0.263590348866
chrX	86500001	87500001	44057	11613.0	0.263590348866
chrX	86600001	87600001	44057	11613.0	0.263590348866
chrX	86700001	87700001	44538	11824.0	0.265481162154
chrX	86800001	87800001	32134	8560.0	0.266384514844
chrX	86900001	87900001	11984	3235.0	0.269943257677
chrX	87000001	88000001	6280	1761.0	0.280414012739
chrX	87100001	88100001	12816	3596.0	0.280586766542
chrX	87200001	88200001	12816	3596.0	0.280586766542
chrX	87300001	88300001	12816	3596.0	0.280586766542
chrX	87400001	88400001	12816	3596.0	0.280586766542
chrX	87500001	88500001	12816	3596.0	0.280586766542
chrX	87600001	88600001	12816	3596.0	0.280586766542
chrX	87700001	88700001	6536	1835.0	0.280752753978
chrX	87800001	88800001	11008	3048.0	0.276889534884
chrX	87900001	88900001	11008	3048.0	0.276889534884
chrX	88000001	89000001	11008	3048.0	0.276889534884
chrX	88100001	89100001	4472	1213.0	0.271243291592
chrX	88200001	89200001	7632	2062.0	0.270178197065
chrX	88300001	89300001	7632	2062.0	0.270178197065
chrX	88400001	89400001	7632	2062.0	0.270178197065
chrX	88500001	89500001	10698	2900.0	0.2710787063
chrX	88600001	89600001	10698	2900.0	0.2710787063
chrX	88700001	89700001	12290	3325.0	0.270545158666
chrX	88800001	89800001	7818	2112.0	0.270145817345
chrX	88900001	89900001	9740	2642.0	0.271252566735
chrX	89000001	90000001	11493	3110.0	0.270599495345
chrX	89100001	90100001	11493	3110.0	0.270599495345
chrX	89200001	90200001	8333	2261.0	0.271330853234
chrX	89300001	90300001	8333	2261.0	0.271330853234
chrX	89400001	90400001	8333	2261.0	0.271330853234
chrX	89500001	90500001	5267	1423.0	0.270172773875
chrX	89600001	90600001	7995	2203.0	0.275547217011
chrX	89700001	90700001	15544	3964.0	0.255018013381
chrX	89800001	90800001	19200	4912.0	0.255833333333
chrX	89900001	90900001	25464	6458.0	0.253612943764
chrX	90000001	91000001	23991	6047.0	0.252052853153
chrX	90100001	91100001	65394	15595.0	0.238477536165
chrX	90200001	91200001	73605	17584.0	0.238896814075
chrX	90300001	91300001	73670	17591.0	0.238781050631
chrX	90400001	91400001	73670	17591.0	0.238781050631
chrX	90500001	91500001	80833	19394.0	0.239926762585
chrX	90600001	91600001	94595	22806.0	0.241090966753
chrX	90700001	91700001	97013	23418.0	0.241390329131
chrX	90800001	91800001	100597	24364.0	0.242194101216
chrX	90900001	91900001	109719	26699.0	0.243339804409
chrX	91000001	92000001	110476	26914.0	0.24361852348
chrX	91100001	92100001	69073	17366.0	0.251415169458
chrX	91200001	92200001	60862	15377.0	0.252653544083
chrX	91300001	92300001	60797	15370.0	0.252808526737
chrX	91400001	92400001	60797	15370.0	0.252808526737
chrX	91500001	92500001	53634	13567.0	0.252955214976
chrX	91600001	92600001	37144	9375.0	0.252396080121
chrX	91700001	92700001	25585	6577.0	0.25706468634
chrX	91800001	92800001	18345	4683.0	0.255273916599
chrX	91900001	92900001	2590	647.0	0.249806949807
chrX	92000001	93000001	26450	6179.0	0.233610586011
chrX	92100001	93100001	26450	6179.0	0.233610586011
chrX	92200001	93200001	26450	6179.0	0.233610586011
chrX	92300001	93300001	26450	6179.0	0.233610586011
chrX	92400001	93400001	26450	6179.0	0.233610586011
chrX	92500001	93500001	26450	6179.0	0.233610586011
chrX	92600001	93600001	26450	6179.0	0.233610586011
chrX	92700001	93700001	26450	6179.0	0.233610586011
chrX	92800001	93800001	26450	6179.0	0.233610586011
chrX	92900001	93900001	24897	5804.0	0.23312045628
chrX	93000001	94000001	0	0.0	NA
chrX	93100001	94100001	0	0.0	NA
chrX	93200001	94200001	0	0.0	NA
chrX	93300001	94300001	0	0.0	NA
chrX	93400001	94400001	0	0.0	NA
chrX	93500001	94500001	0	0.0	NA
chrX	93600001	94600001	0	0.0	NA
chrX	93700001	94700001	0	0.0	NA
chrX	93800001	94800001	0	0.0	NA
chrX	93900001	94900001	0	0.0	NA
chrX	94000001	95000001	16286	3632.0	0.22301363134
chrX	94100001	95100001	37840	8599.0	0.227246300211
chrX	94200001	95200001	46340	10470.0	0.225938713854
chrX	94300001	95300001	61220	13842.0	0.226102580856
chrX	94400001	95400001	66779	15190.0	0.227466718579
chrX	94500001	95500001	66779	15190.0	0.227466718579
chrX	94600001	95600001	78857	18073.0	0.229187009397
chrX	94700001	95700001	100990	22641.0	0.224190513912
chrX	94800001	95800001	112312	24997.0	0.222567490562
chrX	94900001	95900001	130265	28586.0	0.219444977546
chrX	95000001	96000001	158803	34529.0	0.217432920033
chrX	95100001	96100001	172451	36928.0	0.21413618941
chrX	95200001	96200001	205511	44421.0	0.216149013921
chrX	95300001	96300001	235312	51245.0	0.217774699123
chrX	95400001	96400001	278013	60601.0	0.21797901537
chrX	95500001	96500001	316519	69048.0	0.218148041666
chrX	95600001	96600001	341936	73796.0	0.215818164803
chrX	95700001	96700001	369963	79447.0	0.214743095931
chrX	95800001	96800001	404704	86070.0	0.212673954297
chrX	95900001	96900001	429315	90969.0	0.211893365012
chrX	96000001	97000001	416559	88238.0	0.211825935822
chrX	96100001	97100001	410057	87082.0	0.212365597953
chrX	96200001	97200001	402309	84657.0	0.210427805493
chrX	96300001	97300001	370916	77423.0	0.208734592199
chrX	96400001	97400001	339524	70572.0	0.207855703868
chrX	96500001	97500001	333577	69084.0	0.207100609454
chrX	96600001	97600001	322359	67154.0	0.208320537041
chrX	96700001	97700001	296870	62310.0	0.209889850776
chrX	96800001	97800001	275033	58848.0	0.213967051227
chrX	96900001	97900001	250491	54639.0	0.218127597399
chrX	97000001	98000001	242486	53471.0	0.220511699645
chrX	97100001	98100001	249923	55056.0	0.22029184989
chrX	97200001	98200001	236055	52881.0	0.224019825888
chrX	97300001	98300001	253476	56876.0	0.224384162603
chrX	97400001	98400001	259515	58288.0	0.224603587461
chrX	97500001	98500001	242936	54981.0	0.226318865874
chrX	97600001	98600001	242010	55264.0	0.22835420024
chrX	97700001	98700001	224621	51892.0	0.231020251891
chrX	97800001	98800001	212530	49372.0	0.232306027384
chrX	97900001	98900001	208370	48570.0	0.233094975284
chrX	98000001	99000001	215609	50267.0	0.233139618476
chrX	98100001	99100001	185778	44103.0	0.237396247134
chrX	98200001	99200001	196023	46378.0	0.236594685318
chrX	98300001	99300001	202575	48042.0	0.237156608663
chrX	98400001	99400001	207691	49099.0	0.236404081063
chrX	98500001	99500001	223013	51998.0	0.23316129553
chrX	98600001	99600001	247095	55291.0	0.223764139299
chrX	98700001	99700001	303978	65391.0	0.215117541401
chrX	98800001	99800001	314637	67222.0	0.213649380079
chrX	98900001	99900001	339121	71395.0	0.210529574989
chrX	99000001	100000001	349293	72792.0	0.208398107033
chrX	99100001	100100001	362954	75158.0	0.207073072621
chrX	99200001	100200001	363891	74683.0	0.205234534517
chrX	99300001	100300001	347923	70698.0	0.203200133363
chrX	99400001	100400001	349365	70351.0	0.201368196585
chrX	99500001	100500001	346686	70008.0	0.201934892093
chrX	99600001	100600001	325591	66823.0	0.205236016966
chrX	99700001	100700001	298161	62412.0	0.209323150915
chrX	99800001	100800001	288844	60654.0	0.209988782872
chrX	99900001	100900001	286886	61581.0	0.214653207197
chrX	100000001	101000001	280902	60679.0	0.216014837915
chrX	100100001	101100001	289738	63492.0	0.219135908994
chrX	100200001	101200001	286326	62964.0	0.219903187276
chrX	100300001	101300001	265652	58475.0	0.220118802042
chrX	100400001	101400001	243611	54446.0	0.223495654958
chrX	100500001	101500001	234755	52840.0	0.225085727674
chrX	100600001	101600001	222233	50529.0	0.227369472581
chrX	100700001	101700001	201255	46574.0	0.231417852973
chrX	100800001	101800001	204046	47381.0	0.23220744342
chrX	100900001	101900001	182512	42373.0	0.232165556237
chrX	101000001	102000001	167156	39475.0	0.236156644093
chrX	101100001	102100001	162482	39258.0	0.241614455755
chrX	101200001	102200001	136017	33582.0	0.246895608637
chrX	101300001	102300001	135398	33435.0	0.246938654928
chrX	101400001	102400001	135155	33624.0	0.248781029189
chrX	101500001	102500001	124335	31272.0	0.251514054771
chrX	101600001	102600001	135858	33909.0	0.249591485227
chrX	101700001	102700001	146626	36810.0	0.251046881181
chrX	101800001	102800001	159391	41332.0	0.259312006324
chrX	101900001	102900001	164209	42179.0	0.256861682368
chrX	102000001	103000001	189454	46798.0	0.247015106569
chrX	102100001	103100001	211802	49632.0	0.234332064853
chrX	102200001	103200001	224864	52721.0	0.234457271951
chrX	102300001	103300001	248213	60436.0	0.243484426682
chrX	102400001	103400001	269552	65815.0	0.244164391286
chrX	102500001	103500001	302826	72553.0	0.239586429171
chrX	102600001	103600001	306850	72718.0	0.236982238879
chrX	102700001	103700001	312389	73273.0	0.234556914616
chrX	102800001	103800001	316182	72180.0	0.228286240203
chrX	102900001	103900001	325891	74220.0	0.227744859478
chrX	103000001	104000001	324023	73629.0	0.227233869201
chrX	103100001	104100001	320140	73516.0	0.229637033798
chrX	103200001	104200001	341187	77535.0	0.227250745193
chrX	103300001	104300001	358403	78646.0	0.219434547144
chrX	103400001	104400001	373201	80087.0	0.214594816198
chrX	103500001	104500001	361227	78122.0	0.21626844062
chrX	103600001	104600001	367894	79769.0	0.216826042284
chrX	103700001	104700001	374688	81246.0	0.216836407891
chrX	103800001	104800001	386138	83691.0	0.216738575328
chrX	103900001	104900001	397519	86007.0	0.21635946961
chrX	104000001	105000001	385463	83953.0	0.217797817171
chrX	104100001	105100001	398817	85768.0	0.215056028203
chrX	104200001	105200001	422901	91117.0	0.215457045502
chrX	104300001	105300001	401042	86789.0	0.216408755193
chrX	104400001	105400001	365454	79930.0	0.218714256787
chrX	104500001	105500001	362959	79113.0	0.217966767596
chrX	104600001	105600001	348175	77140.0	0.221555252387
chrX	104700001	105700001	341812	76906.0	0.224995026506
chrX	104800001	105800001	307038	69780.0	0.22726828601
chrX	104900001	105900001	282453	64529.0	0.228459248087
chrX	105000001	106000001	289405	66156.0	0.228593148011
chrX	105100001	106100001	269637	62459.0	0.231641058163
chrX	105200001	106200001	250599	58832.0	0.234765501858
chrX	105300001	106300001	263597	61271.0	0.232441947367
chrX	105400001	106400001	277498	63691.0	0.229518771306
chrX	105500001	106500001	287239	65192.0	0.226960823565
chrX	105600001	106600001	289931	64541.0	0.222608137798
chrX	105700001	106700001	287310	62843.0	0.218728899099
chrX	105800001	106800001	334142	73587.0	0.220226729953
chrX	105900001	106900001	356253	78770.0	0.221106909977
chrX	106000001	107000001	368727	81683.0	0.221527037619
chrX	106100001	107100001	376661	83876.0	0.222682996116
chrX	106200001	107200001	364967	81261.0	0.222653006984
chrX	106300001	107300001	362046	80920.0	0.223507510095
chrX	106400001	107400001	385878	87030.0	0.22553760515
chrX	106500001	107500001	406009	93065.0	0.22921905672
chrX	106600001	107600001	428750	97816.0	0.228142274052
chrX	106700001	107700001	440902	99834.0	0.226431270441
chrX	106800001	107800001	404344	90747.0	0.224430188157
chrX	106900001	107900001	401116	89473.0	0.223060162148
chrX	107000001	108000001	392139	86833.0	0.221434236329
chrX	107100001	108100001	353702	78423.0	0.221720544413
chrX	107200001	108200001	337023	74763.0	0.221833524715
chrX	107300001	108300001	323729	71484.0	0.220814323091
chrX	107400001	108400001	292201	63900.0	0.218685083213
chrX	107500001	108500001	243428	52308.0	0.214880786105
chrX	107600001	108600001	221558	48059.0	0.216913855514
chrX	107700001	108700001	227879	48905.0	0.214609507677
chrX	107800001	108800001	235729	51066.0	0.216630113393
chrX	107900001	108900001	229409	50555.0	0.220370604466
chrX	108000001	109000001	231816	52124.0	0.224850743693
chrX	108100001	109100001	260696	59338.0	0.227613772363
chrX	108200001	109200001	280052	64235.0	0.22936811735
chrX	108300001	109300001	307193	70734.0	0.230259153041
chrX	108400001	109400001	321861	74953.0	0.232873818201
chrX	108500001	109500001	367369	84729.0	0.230637315615
chrX	108600001	109600001	386497	87801.0	0.227171232894
chrX	108700001	109700001	386788	89231.0	0.230697436322
chrX	108800001	109800001	388136	89537.0	0.230684605396
chrX	108900001	109900001	371426	85313.0	0.229690436318
chrX	109000001	110000001	379567	87226.0	0.229803960829
chrX	109100001	110100001	381123	87113.0	0.228569254545
chrX	109200001	110200001	381098	86767.0	0.227676345717
chrX	109300001	110300001	372182	84951.0	0.228251231924
chrX	109400001	110400001	398143	90464.0	0.227214844918
chrX	109500001	110500001	394456	89584.0	0.227107712901
chrX	109600001	110600001	401341	91695.0	0.228471549132
chrX	109700001	110700001	392485	89264.0	0.227432895525
chrX	109800001	110800001	397483	89839.0	0.226019729146
chrX	109900001	110900001	399762	90233.0	0.225716801497
chrX	110000001	111000001	379695	85097.0	0.224119358959
chrX	110100001	111100001	380637	85094.0	0.223556827108
chrX	110200001	111200001	392792	87680.0	0.223222468889
chrX	110300001	111300001	393186	87276.0	0.221971280768
chrX	110400001	111400001	372415	82021.0	0.220240860331
chrX	110500001	111500001	356269	78859.0	0.221346791329
chrX	110600001	111600001	339032	75869.0	0.22378123599
chrX	110700001	111700001	326188	73407.0	0.225045066036
chrX	110800001	111800001	311011	70567.0	0.226895511734
chrX	110900001	111900001	324837	74113.0	0.228154428221
chrX	111000001	112000001	331410	75956.0	0.229190428774
chrX	111100001	112100001	357219	80559.0	0.22551711975
chrX	111200001	112200001	356291	79563.0	0.223309036714
chrX	111300001	112300001	350993	78476.0	0.223582806495
chrX	111400001	112400001	329591	73847.0	0.224056482125
chrX	111500001	112500001	313223	70256.0	0.224300258921
chrX	111600001	112600001	304803	68367.0	0.224298973435
chrX	111700001	112700001	289120	64793.0	0.224104178196
chrX	111800001	112800001	293963	65739.0	0.223630184751
chrX	111900001	112900001	282206	62880.0	0.222815957138
chrX	112000001	113000001	263035	58345.0	0.221814587412
chrX	112100001	113100001	235769	53705.0	0.227786519856
chrX	112200001	113200001	223718	51488.0	0.230146881342
chrX	112300001	113300001	212104	48864.0	0.230377550636
chrX	112400001	113400001	227522	52135.0	0.229142676313
chrX	112500001	113500001	229068	52450.0	0.228971309829
chrX	112600001	113600001	218335	49832.0	0.228236425676
chrX	112700001	113700001	231839	53006.0	0.228632801211
chrX	112800001	113800001	235238	53561.0	0.22768855372
chrX	112900001	113900001	275900	62304.0	0.225820949619
chrX	113000001	114000001	300272	67668.0	0.225355677519
chrX	113100001	114100001	290908	65576.0	0.225418345319
chrX	113200001	114200001	274686	61887.0	0.225300889015
chrX	113300001	114300001	289849	65173.0	0.22485156064
chrX	113400001	114400001	287313	64084.0	0.223045946407
chrX	113500001	114500001	294540	64964.0	0.220560874584
chrX	113600001	114600001	312218	68697.0	0.220028954128
chrX	113700001	114700001	330340	72576.0	0.21970091421
chrX	113800001	114800001	334181	73441.0	0.219764139793
chrX	113900001	114900001	320233	70599.0	0.220461351578
chrX	114000001	115000001	292484	66080.0	0.225926888308
chrX	114100001	115100001	284868	66327.0	0.232834154766
chrX	114200001	115200001	281323	65477.0	0.232746700412
chrX	114300001	115300001	262753	61462.0	0.233915502392
chrX	114400001	115400001	258074	61170.0	0.23702503933
chrX	114500001	115500001	261006	62950.0	0.241182195045
chrX	114600001	115600001	269308	65520.0	0.243290210465
chrX	114700001	115700001	235092	58109.0	0.247175573818
chrX	114800001	115800001	216763	54321.0	0.250600886683
chrX	114900001	115900001	189918	48261.0	0.254114933814
chrX	115000001	116000001	188565	46660.0	0.247447829661
chrX	115100001	116100001	186017	44240.0	0.237827725423
chrX	115200001	116200001	201933	48862.0	0.241971346932
chrX	115300001	116300001	211838	51554.0	0.24336521304
chrX	115400001	116400001	205011	49862.0	0.243216217666
chrX	115500001	116500001	195627	47034.0	0.240426934932
chrX	115600001	116600001	180910	43315.0	0.239428445083
chrX	115700001	116700001	205035	48845.0	0.238227619675
chrX	115800001	116800001	218348	52491.0	0.240400644842
chrX	115900001	116900001	232494	56461.0	0.242849277831
chrX	116000001	117000001	253189	61718.0	0.243762564724
chrX	116100001	117100001	280615	67843.0	0.241765408121
chrX	116200001	117200001	296522	70457.0	0.237611374535
chrX	116300001	117300001	307263	72466.0	0.235843560728
chrX	116400001	117400001	330677	77297.0	0.233753783904
chrX	116500001	117500001	339286	78942.0	0.232670961961
chrX	116600001	117600001	340526	78608.0	0.230842872497
chrX	116700001	117700001	347222	80054.0	0.230555667556
chrX	116800001	117800001	371843	85233.0	0.229217707473
chrX	116900001	117900001	378030	86294.0	0.228272888395
chrX	117000001	118000001	373746	84778.0	0.226833196877
chrX	117100001	118100001	348907	78998.0	0.226415635112
chrX	117200001	118200001	348813	79522.0	0.227978888402
chrX	117300001	118300001	355897	82032.0	0.230493654063
chrX	117400001	118400001	362237	84217.0	0.232491435165
chrX	117500001	118500001	351929	82534.0	0.234518894436
chrX	117600001	118600001	341344	80876.0	0.236934002062
chrX	117700001	118700001	330720	78675.0	0.237890058055
chrX	117800001	118800001	324587	76074.0	0.234371678471
chrX	117900001	118900001	315057	73344.0	0.232795970253
chrX	118000001	119000001	306394	70937.0	0.231522157745
chrX	118100001	119100001	309266	71641.0	0.231648483829
chrX	118200001	119200001	293239	69014.0	0.235350686641
chrX	118300001	119300001	267903	63943.0	0.238679671374
chrX	118400001	119400001	247974	58892.0	0.237492640357
chrX	118500001	119500001	273297	63474.0	0.232252823851
chrX	118600001	119600001	297101	67629.0	0.227629661294
chrX	118700001	119700001	301713	67376.0	0.223311557672
chrX	118800001	119800001	285811	63710.0	0.222909545119
chrX	118900001	119900001	283940	63226.0	0.222673804325
chrX	119000001	120000001	290811	64308.0	0.221133313389
chrX	119100001	120100001	274052	60488.0	0.220717236145
chrX	119200001	120200001	271069	58485.0	0.215756873711
chrX	119300001	120300001	280076	58743.0	0.209739499279
chrX	119400001	120400001	280005	59537.0	0.212628345922
chrX	119500001	120500001	265017	57831.0	0.218216189905
chrX	119600001	120600001	245528	55610.0	0.226491479587
chrX	119700001	120700001	237109	56069.0	0.236469303147
chrX	119800001	120800001	236658	57923.0	0.244754033246
chrX	119900001	120900001	228061	56841.0	0.249235950031
chrX	120000001	121000001	210354	53762.0	0.255578691159
chrX	120100001	121100001	223817	56970.0	0.254538305848
chrX	120200001	121200001	220630	56351.0	0.255409509133
chrX	120300001	121300001	209360	54341.0	0.259557699656
chrX	120400001	121400001	210548	54452.0	0.258620362103
chrX	120500001	121500001	193065	49937.0	0.258653821252
chrX	120600001	121600001	186273	47322.0	0.254046480166
chrX	120700001	121700001	184075	45286.0	0.246019285617
chrX	120800001	121800001	179804	42984.0	0.239060310115
chrX	120900001	121900001	181299	42699.0	0.235517018847
chrX	121000001	122000001	197395	45938.0	0.232721193546
chrX	121100001	122100001	207074	47660.0	0.230159266736
chrX	121200001	122200001	222688	50545.0	0.226976756718
chrX	121300001	122300001	237353	52866.0	0.222731543313
chrX	121400001	122400001	278557	59890.0	0.215000879533
chrX	121500001	122500001	324098	68393.0	0.211025677419
chrX	121600001	122600001	357031	74621.0	0.209004260134
chrX	121700001	122700001	367095	75443.0	0.20551355916
chrX	121800001	122800001	382473	77767.0	0.203326770779
chrX	121900001	122900001	393181	79556.0	0.202339380591
chrX	122000001	123000001	381808	77092.0	0.201913003394
chrX	122100001	123100001	386111	76663.0	0.198551711813
chrX	122200001	123200001	392492	78277.0	0.19943591207
chrX	122300001	123300001	387681	77213.0	0.199166324891
chrX	122400001	123400001	351798	70568.0	0.200592385403
chrX	122500001	123500001	327008	66220.0	0.202502691066
chrX	122600001	123600001	335896	66686.0	0.19853168838
chrX	122700001	123700001	364851	72120.0	0.197669733672
chrX	122800001	123800001	371978	73640.0	0.197968697073
chrX	122900001	123900001	390868	77033.0	0.197081879305
chrX	123000001	124000001	424370	82852.0	0.195235289959
chrX	123100001	124100001	438038	86347.0	0.197122167483
chrX	123200001	124200001	445189	87284.0	0.196060549564
chrX	123300001	124300001	476689	93274.0	0.195670552499
chrX	123400001	124400001	497115	96364.0	0.193846494272
chrX	123500001	124500001	487970	94657.0	0.193981187368
chrX	123600001	124600001	459529	90691.0	0.197356423642
chrX	123700001	124700001	418239	84001.0	0.20084449322
chrX	123800001	124800001	381309	77137.0	0.202295251358
chrX	123900001	124900001	351808	72020.0	0.204713934874
chrX	124000001	125000001	323513	67451.0	0.208495485498
chrX	124100001	125100001	285977	60324.0	0.210940040633
chrX	124200001	125200001	257246	54993.0	0.21377591877
chrX	124300001	125300001	219190	48278.0	0.220256398558
chrX	124400001	125400001	197842	45709.0	0.231037898929
chrX	124500001	125500001	202064	47104.0	0.233114260828
chrX	124600001	125600001	190170	44752.0	0.235326287006
chrX	124700001	125700001	179829	42364.0	0.235579355944
chrX	124800001	125800001	190306	44974.0	0.23632465608
chrX	124900001	125900001	203551	48318.0	0.237375399777
chrX	125000001	126000001	208705	49447.0	0.236922929494
chrX	125100001	126100001	216826	51240.0	0.236318522686
chrX	125200001	126200001	214221	50908.0	0.237642434682
chrX	125300001	126300001	211718	50544.0	0.238732653813
chrX	125400001	126400001	198431	47630.0	0.240033059351
chrX	125500001	126500001	191486	46255.0	0.241558129576
chrX	125600001	126600001	196615	47913.0	0.243689443837
chrX	125700001	126700001	202275	49701.0	0.245710048202
chrX	125800001	126800001	195593	48259.0	0.246731733753
chrX	125900001	126900001	176868	43959.0	0.248541285026
chrX	126000001	127000001	161706	40821.0	0.25243961263
chrX	126100001	127100001	158327	40366.0	0.254953356029
chrX	126200001	127200001	148989	38225.0	0.256562565022
chrX	126300001	127300001	134309	34527.0	0.257071380176
chrX	126400001	127400001	127778	33300.0	0.26060824242
chrX	126500001	127500001	139015	35555.0	0.2557637665
chrX	126600001	127600001	141061	35533.0	0.251898115
chrX	126700001	127700001	143826	35755.0	0.248599001571
chrX	126800001	127800001	176743	42722.0	0.241718201004
chrX	126900001	127900001	195819	46420.0	0.237055648328
chrX	127000001	128000001	219832	51134.0	0.232604898286
chrX	127100001	128100001	249755	56941.0	0.227987427679
chrX	127200001	128200001	277763	62517.0	0.225073173893
chrX	127300001	128300001	322600	71034.0	0.220192188469
chrX	127400001	128400001	344616	74622.0	0.216536666899
chrX	127500001	128500001	333572	71506.0	0.214364515007
chrX	127600001	128600001	337001	71187.0	0.211236761909
chrX	127700001	128700001	363493	75970.0	0.20899989821
chrX	127800001	128800001	369173	77595.0	0.210186010353
chrX	127900001	128900001	372408	79273.0	0.212865996434
chrX	128000001	129000001	378820	80516.0	0.21254421625
chrX	128100001	129100001	367823	77929.0	0.211865489651
chrX	128200001	129200001	376016	79740.0	0.212065444024
chrX	128300001	129300001	381088	82050.0	0.215304601562
chrX	128400001	129400001	391399	84381.0	0.215588184947
chrX	128500001	129500001	392104	84633.0	0.21584324567
chrX	128600001	129600001	405469	87951.0	0.216911773773
chrX	128700001	129700001	396802	87069.0	0.219426817405
chrX	128800001	129800001	380015	82311.0	0.216599344763
chrX	128900001	129900001	391407	83090.0	0.212285421569
chrX	129000001	130000001	391983	82183.0	0.209659602585
chrX	129100001	130100001	392674	81870.0	0.208493559543
chrX	129200001	130200001	391870	80909.0	0.20646898206
chrX	129300001	130300001	362239	74497.0	0.205657038585
chrX	129400001	130400001	366141	75642.0	0.206592542217
chrX	129500001	130500001	391545	80716.0	0.206147441546
chrX	129600001	130600001	378677	78349.0	0.206901924331
chrX	129700001	130700001	365175	75464.0	0.206651605395
chrX	129800001	130800001	359468	74940.0	0.208474746014
chrX	129900001	130900001	340103	74158.0	0.218045709682
chrX	130000001	131000001	329220	74953.0	0.227668428407
chrX	130100001	131100001	310654	72010.0	0.231801296619
chrX	130200001	131200001	318761	74007.0	0.23217081136
chrX	130300001	131300001	333339	77203.0	0.231605062714
chrX	130400001	131400001	326424	75599.0	0.231597554101
chrX	130500001	131500001	297164	70245.0	0.236384622633
chrX	130600001	131600001	331296	77787.0	0.234796073602
chrX	130700001	131700001	355096	83238.0	0.234409849731
chrX	130800001	131800001	376253	87931.0	0.233701791082
chrX	130900001	131900001	409518	92984.0	0.227057174532
chrX	131000001	132000001	430500	95784.0	0.222494773519
chrX	131100001	132100001	450956	100128.0	0.222034965717
chrX	131200001	132200001	440688	99000.0	0.224648731075
chrX	131300001	132300001	433095	97855.0	0.225943499694
chrX	131400001	132400001	436159	98968.0	0.2269080771
chrX	131500001	132500001	477116	108205.0	0.226789711517
chrX	131600001	132600001	460622	103983.0	0.225744753833
chrX	131700001	132700001	456679	102907.0	0.225337709857
chrX	131800001	132800001	449921	100530.0	0.223439225997
chrX	131900001	132900001	438724	97263.0	0.221695188775
chrX	132000001	133000001	442933	97296.0	0.219663019012
chrX	132100001	133100001	466233	100665.0	0.215911357626
chrX	132200001	133200001	464815	98276.0	0.211430354012
chrX	132300001	133300001	457497	96124.0	0.210108481586
chrX	132400001	133400001	450005	93440.0	0.20764213731
chrX	132500001	133500001	400457	81959.0	0.204663671755
chrX	132600001	133600001	394556	80297.0	0.203512302436
chrX	132700001	133700001	389216	79024.0	0.203033791006
chrX	132800001	133800001	392996	80140.0	0.203920650592
chrX	132900001	133900001	387748	78636.0	0.202801819739
chrX	133000001	134000001	371053	75130.0	0.202477813143
chrX	133100001	134100001	345129	70949.0	0.205572409157
chrX	133200001	134200001	328941	70398.0	0.214014063312
chrX	133300001	134300001	324384	71060.0	0.219061359377
chrX	133400001	134400001	306907	70220.0	0.228798952126
chrX	133500001	134500001	324567	75644.0	0.233061278565
chrX	133600001	134600001	300422	72508.0	0.241353828947
chrX	133700001	134700001	298832	72459.0	0.242474032232
chrX	133800001	134800001	270261	67061.0	0.248134211003
chrX	133900001	134900001	240521	62715.0	0.260746462887
chrX	134000001	135000001	209992	57864.0	0.275553354414
chrX	134100001	135100001	207375	57506.0	0.277304400241
chrX	134200001	135200001	213037	57398.0	0.269427376465
chrX	134300001	135300001	248386	65010.0	0.261729727118
chrX	134400001	135400001	275049	69690.0	0.25337303535
chrX	134500001	135500001	283039	69651.0	0.246082695318
chrX	134600001	135600001	310936	74979.0	0.241139655749
chrX	134700001	135700001	307240	74452.0	0.242325218071
chrX	134800001	135800001	342480	81672.0	0.238472319552
chrX	134900001	135900001	362991	84482.0	0.232738552746
chrX	135000001	136000001	367656	84288.0	0.229257784451
chrX	135100001	136100001	358232	82143.0	0.229301123294
chrX	135200001	136200001	371352	84844.0	0.228473254486
chrX	135300001	136300001	345401	77554.0	0.224533223702
chrX	135400001	136400001	341556	75904.0	0.222230029629
chrX	135500001	136500001	340597	76189.0	0.223692516376
chrX	135600001	136600001	337445	75420.0	0.223503089392
chrX	135700001	136700001	352343	77177.0	0.219039401946
chrX	135800001	136800001	330971	72106.0	0.217861987908
chrX	135900001	136900001	328941	71956.0	0.218750475009
chrX	136000001	137000001	353875	76612.0	0.216494524903
chrX	136100001	137100001	374640	80591.0	0.215115844544
chrX	136200001	137200001	347113	75067.0	0.216260987056
chrX	136300001	137300001	345821	74902.0	0.216591820624
chrX	136400001	137400001	343616	74587.0	0.217064979512
chrX	136500001	137500001	338684	73408.0	0.216744812273
chrX	136600001	137600001	320538	69564.0	0.217022630702
chrX	136700001	137700001	293560	64491.0	0.219685924513
chrX	136800001	137800001	319922	70833.0	0.221407092979
chrX	136900001	137900001	327991	72899.0	0.222259147355
chrX	137000001	138000001	336608	76183.0	0.226325577526
chrX	137100001	138100001	331763	76258.0	0.229856855647
chrX	137200001	138200001	358713	82037.0	0.228698151447
chrX	137300001	138300001	379878	87042.0	0.229131457994
chrX	137400001	138400001	373020	85463.0	0.229111039623
chrX	137500001	138500001	355292	81368.0	0.229017259043
chrX	137600001	138600001	365519	82989.0	0.227044284976
chrX	137700001	138700001	394441	89672.0	0.227339450006
chrX	137800001	138800001	367534	84230.0	0.229176076227
chrX	137900001	138900001	379233	86546.0	0.228213262032
chrX	138000001	139000001	367071	83195.0	0.226645526342
chrX	138100001	139100001	354750	79594.0	0.22436645525
chrX	138200001	139200001	349077	77047.0	0.22071634625
chrX	138300001	139300001	338588	74177.0	0.219077462875
chrX	138400001	139400001	324519	70551.0	0.217401754597
chrX	138500001	139500001	332575	71993.0	0.2164714726
chrX	138600001	139600001	343739	74684.0	0.217269498078
chrX	138700001	139700001	332137	71433.0	0.215070889422
chrX	138800001	139800001	328009	69989.0	0.213375242752
chrX	138900001	139900001	305651	65929.0	0.215700259446
chrX	139000001	140000001	297434	64362.0	0.216390863183
chrX	139100001	140100001	304741	66302.0	0.21756836133
chrX	139200001	140200001	284844	63202.0	0.221882855177
chrX	139300001	140300001	273789	61398.0	0.224252983137
chrX	139400001	140400001	279856	63127.0	0.22556957864
chrX	139500001	140500001	281610	64109.0	0.227651716913
chrX	139600001	140600001	262700	59726.0	0.22735439665
chrX	139700001	140700001	242561	55787.0	0.229991630971
chrX	139800001	140800001	237343	54983.0	0.23166050821
chrX	139900001	140900001	240393	55436.0	0.230605716473
chrX	140000001	141000001	231442	54380.0	0.234961675063
chrX	140100001	141100001	223710	53167.0	0.237660363864
chrX	140200001	141200001	233862	55882.0	0.238952886745
chrX	140300001	141300001	221316	53548.0	0.241952683041
chrX	140400001	141400001	225345	55182.0	0.244877853957
chrX	140500001	141500001	225304	55325.0	0.245557113944
chrX	140600001	141600001	231947	57804.0	0.249212104489
chrX	140700001	141700001	250659	62543.0	0.249514280357
chrX	140800001	141800001	261683	65325.0	0.249634099273
chrX	140900001	141900001	239356	60308.0	0.251959424456
chrX	141000001	142000001	251981	63143.0	0.250586353733
chrX	141100001	142100001	259321	65373.0	0.252092965861
chrX	141200001	142200001	254656	64766.0	0.254327406384
chrX	141300001	142300001	268629	68164.0	0.253747733863
chrX	141400001	142400001	277366	70441.0	0.253964076347
chrX	141500001	142500001	288603	72952.0	0.252776305167
chrX	141600001	142600001	283603	71230.0	0.251160953869
chrX	141700001	142700001	265427	66936.0	0.252182332619
chrX	141800001	142800001	271769	67130.0	0.247011248524
chrX	141900001	142900001	288344	70951.0	0.246063729434
chrX	142000001	143000001	274269	67330.0	0.245488917814
chrX	142100001	143100001	265141	64737.0	0.244160654143
chrX	142200001	143200001	277293	67300.0	0.242703566264
chrX	142300001	143300001	281077	67973.0	0.241830530424
chrX	142400001	143400001	266472	64494.0	0.242029181302
chrX	142500001	143500001	252405	61617.0	0.244119569739
chrX	142600001	143600001	238578	58752.0	0.246259085079
chrX	142700001	143700001	244508	60328.0	0.246732213261
chrX	142800001	143800001	234634	59357.0	0.252976976909
chrX	142900001	143900001	219715	55819.0	0.254051839883
chrX	143000001	144000001	213786	54054.0	0.252841626673
chrX	143100001	144100001	207369	52268.0	0.252053103405
chrX	143200001	144200001	193428	48604.0	0.251276960936
chrX	143300001	144300001	193517	48156.0	0.248846354584
chrX	143400001	144400001	184392	45448.0	0.246474901297
chrX	143500001	144500001	187434	45737.0	0.244016560496
chrX	143600001	144600001	195901	47321.0	0.241555683738
chrX	143700001	144700001	195851	46788.0	0.238895895349
chrX	143800001	144800001	189300	44924.0	0.237316428949
chrX	143900001	144900001	212679	50358.0	0.236779371729
chrX	144000001	145000001	238663	56112.0	0.235109757273
chrX	144100001	145100001	237691	57467.0	0.241771880298
chrX	144200001	145200001	243203	59178.0	0.243327590531
chrX	144300001	145300001	247599	61154.0	0.246988073457
chrX	144400001	145400001	256328	63765.0	0.248763303268
chrX	144500001	145500001	266813	66710.0	0.250025298617
chrX	144600001	145600001	263816	66321.0	0.251391121084
chrX	144700001	145700001	262486	66327.0	0.252687762395
chrX	144800001	145800001	258152	65613.0	0.254164213332
chrX	144900001	145900001	245774	62763.0	0.255368753408
chrX	145000001	146000001	233647	60366.0	0.258364113385
chrX	145100001	146100001	235498	59530.0	0.252783463129
chrX	145200001	146200001	233072	58554.0	0.251227088625
chrX	145300001	146300001	209366	52347.0	0.250026269786
chrX	145400001	146400001	217592	54645.0	0.251135152028
chrX	145500001	146500001	214404	53508.0	0.249566239436
chrX	145600001	146600001	220566	54519.0	0.247177715514
chrX	145700001	146700001	231970	57060.0	0.245980083632
chrX	145800001	146800001	238386	58292.0	0.244527782672
chrX	145900001	146900001	254378	61525.0	0.241864469412
chrX	146000001	147000001	252557	60762.0	0.240587273368
chrX	146100001	147100001	281628	65918.0	0.234060533754
chrX	146200001	147200001	283799	65900.0	0.232206596922
chrX	146300001	147300001	309570	70480.0	0.22767063992
chrX	146400001	147400001	313956	70191.0	0.223569544777
chrX	146500001	147500001	310951	69001.0	0.221903129432
chrX	146600001	147600001	334804	74409.0	0.222246448668
chrX	146700001	147700001	360582	79840.0	0.221419815742
chrX	146800001	147800001	396107	87382.0	0.220602009053
chrX	146900001	147900001	412074	90747.0	0.220220154632
chrX	147000001	148000001	451819	100222.0	0.221818914211
chrX	147100001	148100001	472726	105835.0	0.223882333529
chrX	147200001	148200001	465826	104586.0	0.224517309038
chrX	147300001	148300001	454833	102596.0	0.225568505364
chrX	147400001	148400001	457265	103296.0	0.225899642439
chrX	147500001	148500001	458609	104321.0	0.227472640092
chrX	147600001	148600001	442892	102380.0	0.231162450439
chrX	147700001	148700001	406783	97117.0	0.238743998643
chrX	147800001	148800001	365750	89829.0	0.245602187286
chrX	147900001	148900001	323379	82261.0	0.254379536086
chrX	148000001	149000001	260087	67555.0	0.259740010074
chrX	148100001	149100001	201029	55214.0	0.274656890299
chrX	148200001	149200001	217157	59552.0	0.274234770235
chrX	148300001	149300001	224454	61385.0	0.273485881294
chrX	148400001	149400001	231915	64696.0	0.278964275704
chrX	148500001	149500001	240407	67258.0	0.279767228076
chrX	148600001	149600001	249167	68714.0	0.275774881907
chrX	148700001	149700001	268076	71808.0	0.267864336979
chrX	148800001	149800001	290283	76746.0	0.2643833776
chrX	148900001	149900001	317898	81882.0	0.257573183851
chrX	149000001	150000001	341185	88894.0	0.260544865689
chrX	149100001	150100001	360115	93289.0	0.259053357955
chrX	149200001	150200001	350296	91142.0	0.260185671546
chrX	149300001	150300001	331485	87168.0	0.262962124983
chrX	149400001	150400001	306619	80197.0	0.261552610895
chrX	149500001	150500001	305832	78528.0	0.256768421879
chrX	149600001	150600001	302131	77063.0	0.255064855973
chrX	149700001	150700001	281747	70756.0	0.251133108782
chrX	149800001	150800001	269291	66373.0	0.24647314615
chrX	149900001	150900001	273927	68349.0	0.249515381835
chrX	150000001	151000001	295806	72938.0	0.246573767943
chrX	150100001	151100001	292185	72349.0	0.247613669422
chrX	150200001	151200001	294651	72477.0	0.245975747579
chrX	150300001	151300001	289269	71905.0	0.24857485593
chrX	150400001	151400001	297621	74174.0	0.249223005097
chrX	150500001	151500001	281302	71046.0	0.252561304221
chrX	150600001	151600001	260846	65918.0	0.252708494667
chrX	150700001	151700001	251249	63733.0	0.253664691203
chrX	150800001	151800001	247409	62733.0	0.253559894749
chrX	150900001	151900001	230533	59449.0	0.257876312719
chrX	151000001	152000001	202476	53274.0	0.263112665205
chrX	151100001	152100001	222331	58587.0	0.263512510626
chrX	151200001	152200001	215852	57844.0	0.267979912162
chrX	151300001	152300001	227770	61155.0	0.26849453396
chrX	151400001	152400001	230387	62817.0	0.27265861355
chrX	151500001	152500001	227632	63694.0	0.279811274338
chrX	151600001	152600001	235913	67940.0	0.287987520823
chrX	151700001	152700001	255809	74701.0	0.292018654543
chrX	151800001	152800001	282703	85576.0	0.302706373827
chrX	151900001	152900001	296530	90984.0	0.306828988635
chrX	152000001	153000001	319235	97837.0	0.306473287703
chrX	152100001	153100001	316784	98872.0	0.312111722814
chrX	152200001	153200001	329491	102997.0	0.312594274199
chrX	152300001	153300001	352541	109228.0	0.309830629629
chrX	152400001	153400001	352418	107665.0	0.305503691639
chrX	152500001	153500001	370565	112534.0	0.303682214996
chrX	152600001	153600001	377117	114333.0	0.303176467781
chrX	152700001	153700001	387260	118044.0	0.304818468213
chrX	152800001	153800001	360263	109683.0	0.304452580476
chrX	152900001	153900001	333984	100811.0	0.301843800901
chrX	153000001	154000001	316144	95364.0	0.301647350574
chrX	153100001	154100001	289999	87100.0	0.300345863262
chrX	153200001	154200001	270771	80971.0	0.299038671054
chrX	153300001	154300001	251184	74711.0	0.2974353462
chrX	153400001	154400001	241885	72845.0	0.301155507783
chrX	153500001	154500001	229026	67838.0	0.296202177919
chrX	153600001	154600001	209342	60488.0	0.288943451386
chrX	153700001	154700001	168377	47699.0	0.283286909732
chrX	153800001	154800001	153628	41725.0	0.271597625433
chrX	153900001	154900001	142985	37897.0	0.2650417876
chrX	154000001	155000001	137478	34151.0	0.248410654796
chrX	154100001	155100001	139611	32819.0	0.235074600139
chrX	154200001	155200001	144280	33202.0	0.230121985029
