chrX	1	100001	0	0.0	NA
chrX	100001	200001	0	0.0	NA
chrX	200001	300001	0	0.0	NA
chrX	300001	400001	0	0.0	NA
chrX	400001	500001	741	244.0	0.329284750337
chrX	500001	600001	18648	6109.0	0.327595452595
chrX	600001	700001	14043	4760.0	0.338958911913
chrX	700001	800001	16437	5098.0	0.310153921032
chrX	800001	900001	15867	5000.0	0.315119430264
chrX	900001	1000001	14321	4536.0	0.316737657985
chrX	1000001	1100001	3866	1338.0	0.346094154165
chrX	1100001	1200001	9266	2928.0	0.3159939564
chrX	1200001	1300001	7152	2483.0	0.347175615213
chrX	1300001	1400001	3074	1051.0	0.341899804815
chrX	1400001	1500001	3240	1208.0	0.372839506173
chrX	1500001	1600001	4911	1864.0	0.379556098554
chrX	1600001	1700001	627	188.0	0.299840510367
chrX	1700001	1800001	6241	2143.0	0.343374459221
chrX	1800001	1900001	3151	1106.0	0.35099968264
chrX	1900001	2000001	4964	1647.0	0.331788879936
chrX	2000001	2100001	5578	1960.0	0.351380423091
chrX	2100001	2200001	6472	2370.0	0.366192830655
chrX	2200001	2300001	17296	6054.0	0.350023126735
chrX	2300001	2400001	8441	2901.0	0.343679658808
chrX	2400001	2500001	15360	5173.0	0.336783854167
chrX	2500001	2600001	15676	5443.0	0.347218678234
chrX	2600001	2700001	10633	3966.0	0.372989748895
chrX	2700001	2800001	18030	6443.0	0.357348863006
chrX	2800001	2900001	9578	3264.0	0.340780956358
chrX	2900001	3000001	18622	6325.0	0.339652024487
chrX	3000001	3100001	17551	5818.0	0.331491083129
chrX	3100001	3200001	31805	10589.0	0.332935073102
chrX	3200001	3300001	24984	8301.0	0.332252641691
chrX	3300001	3400001	26461	9000.0	0.340123200181
chrX	3400001	3500001	22806	7790.0	0.341576778041
chrX	3500001	3600001	24357	8313.0	0.341298189432
chrX	3600001	3700001	13815	4729.0	0.342309084329
chrX	3700001	3800001	6961	2263.0	0.325096968826
chrX	3800001	3900001	14150	4520.0	0.319434628975
chrX	3900001	4000001	26146	8175.0	0.312667329611
chrX	4000001	4100001	25278	7864.0	0.311100561753
chrX	4100001	4200001	25340	8146.0	0.321468034728
chrX	4200001	4300001	30339	9807.0	0.323247305448
chrX	4300001	4400001	28485	8930.0	0.313498332456
chrX	4400001	4500001	30125	9378.0	0.311302904564
chrX	4500001	4600001	22219	7054.0	0.317476034025
chrX	4600001	4700001	25188	7780.0	0.308877243132
chrX	4700001	4800001	24343	7774.0	0.319352585959
chrX	4800001	4900001	23295	7418.0	0.318437432926
chrX	4900001	5000001	31887	10136.0	0.31787248722
chrX	5000001	5100001	22987	7506.0	0.326532387871
chrX	5100001	5200001	27733	8945.0	0.322539934374
chrX	5200001	5300001	27196	8701.0	0.319936755405
chrX	5300001	5400001	25682	8039.0	0.313020792773
chrX	5400001	5500001	28510	8810.0	0.309014380919
chrX	5500001	5600001	27851	8514.0	0.305698179599
chrX	5600001	5700001	33431	9937.0	0.297239089468
chrX	5700001	5800001	33960	10300.0	0.303297997644
chrX	5800001	5900001	48733	14868.0	0.305091006094
chrX	5900001	6000001	42742	13497.0	0.315778391278
chrX	6000001	6100001	44917	13561.0	0.301912416234
chrX	6100001	6200001	45508	13864.0	0.304649731915
chrX	6200001	6300001	29686	8870.0	0.298794044331
chrX	6300001	6400001	35106	10540.0	0.300233578306
chrX	6400001	6500001	25382	7401.0	0.291584587503
chrX	6500001	6600001	31322	9497.0	0.303205414724
chrX	6600001	6700001	36367	11103.0	0.305304259356
chrX	6700001	6800001	35206	10135.0	0.287877066409
chrX	6800001	6900001	29620	8320.0	0.280891289669
chrX	6900001	7000001	38260	11799.0	0.308389963408
chrX	7000001	7100001	34471	11700.0	0.339415740768
chrX	7100001	7200001	27523	9010.0	0.327362569487
chrX	7200001	7300001	39478	12619.0	0.319646385329
chrX	7300001	7400001	41363	12092.0	0.29233856345
chrX	7400001	7500001	35852	10367.0	0.289160995202
chrX	7500001	7600001	34219	10263.0	0.299921096467
chrX	7600001	7700001	19484	5711.0	0.29311229727
chrX	7700001	7800001	43423	12835.0	0.295580683048
chrX	7800001	7900001	45701	13106.0	0.286777094593
chrX	7900001	8000001	40137	10959.0	0.273039838553
chrX	8000001	8100001	33872	9621.0	0.284039914974
chrX	8100001	8200001	33556	9190.0	0.273870544761
chrX	8200001	8300001	40928	11453.0	0.279832877248
chrX	8300001	8400001	43189	12564.0	0.290907406979
chrX	8400001	8500001	38054	11080.0	0.291165186314
chrX	8500001	8600001	38255	11492.0	0.300405175794
chrX	8600001	8700001	52551	14267.0	0.271488649122
chrX	8700001	8800001	28261	7455.0	0.263791090195
chrX	8800001	8900001	48182	12156.0	0.252293387572
chrX	8900001	9000001	12751	3636.0	0.28515410556
chrX	9000001	9100001	35236	8813.0	0.250113520263
chrX	9100001	9200001	42798	11183.0	0.261297256881
chrX	9200001	9300001	47505	12287.0	0.258646458268
chrX	9300001	9400001	29143	8393.0	0.287993686305
chrX	9400001	9500001	28762	8648.0	0.300674501078
chrX	9500001	9600001	47009	14625.0	0.311110638388
chrX	9600001	9700001	36906	11790.0	0.319460250366
chrX	9700001	9800001	28810	8392.0	0.29128774731
chrX	9800001	9900001	40869	12608.0	0.308497883481
chrX	9900001	10000001	29180	7794.0	0.267100753941
chrX	10000001	10100001	52063	14874.0	0.285692334287
chrX	10100001	10200001	33964	9342.0	0.275055941585
chrX	10200001	10300001	42762	10438.0	0.244095224732
chrX	10300001	10400001	45613	10334.0	0.226558218052
chrX	10400001	10500001	53430	12008.0	0.22474265394
chrX	10500001	10600001	59183	12756.0	0.215534866431
chrX	10600001	10700001	45816	9690.0	0.211498166579
chrX	10700001	10800001	27745	6149.0	0.221625518111
chrX	10800001	10900001	46145	9744.0	0.211160472424
chrX	10900001	11000001	48128	9831.0	0.204267785904
chrX	11000001	11100001	38312	7687.0	0.200642096471
chrX	11100001	11200001	45035	11762.0	0.261174641945
chrX	11200001	11300001	29116	6843.0	0.235025415579
chrX	11300001	11400001	53606	11925.0	0.222456441443
chrX	11400001	11500001	55629	12767.0	0.229502597566
chrX	11500001	11600001	41354	9390.0	0.227063887411
chrX	11600001	11700001	50447	10907.0	0.21620710845
chrX	11700001	11800001	41307	9914.0	0.240007746871
chrX	11800001	11900001	39611	8669.0	0.218853348817
chrX	11900001	12000001	37965	8156.0	0.214829448176
chrX	12000001	12100001	43040	8820.0	0.204925650558
chrX	12100001	12200001	43651	9427.0	0.215962979084
chrX	12200001	12300001	49075	11408.0	0.232460519613
chrX	12300001	12400001	57951	15683.0	0.270625183345
chrX	12400001	12500001	49657	14444.0	0.29087540528
chrX	12500001	12600001	39491	10709.0	0.271175710921
chrX	12600001	12700001	44695	11183.0	0.250206958273
chrX	12700001	12800001	40914	9978.0	0.243877401379
chrX	12800001	12900001	28332	7876.0	0.27798955245
chrX	12900001	13000001	35844	10154.0	0.283283115724
chrX	13000001	13100001	41343	10849.0	0.262414435334
chrX	13100001	13200001	41849	10612.0	0.253578341179
chrX	13200001	13300001	35924	8941.0	0.248886538247
chrX	13300001	13400001	48643	13237.0	0.272125485681
chrX	13400001	13500001	35262	8226.0	0.233282286881
chrX	13500001	13600001	33568	8249.0	0.245739990467
chrX	13600001	13700001	36642	9088.0	0.248021396212
chrX	13700001	13800001	50864	12546.0	0.246657754011
chrX	13800001	13900001	45338	12341.0	0.272199920596
chrX	13900001	14000001	41505	10499.0	0.252957475003
chrX	14000001	14100001	39966	9396.0	0.23509983486
chrX	14100001	14200001	30970	6491.0	0.209589925735
chrX	14200001	14300001	27747	6059.0	0.218365949472
chrX	14300001	14400001	35226	7825.0	0.222137057855
chrX	14400001	14500001	41083	8560.0	0.208358688509
chrX	14500001	14600001	52581	10622.0	0.20201213366
chrX	14600001	14700001	49836	10302.0	0.206718035155
chrX	14700001	14800001	32605	6750.0	0.207023462659
chrX	14800001	14900001	30033	6597.0	0.219658375787
chrX	14900001	15000001	39008	8741.0	0.224082239541
chrX	15000001	15100001	30241	6459.0	0.213584206871
chrX	15100001	15200001	37010	8132.0	0.219724398811
chrX	15200001	15300001	39482	9356.0	0.236968745251
chrX	15300001	15400001	46494	10553.0	0.226975523723
chrX	15400001	15500001	44228	10311.0	0.233132857014
chrX	15500001	15600001	47353	12260.0	0.258906510675
chrX	15600001	15700001	49028	11603.0	0.236660683691
chrX	15700001	15800001	39460	9966.0	0.252559553979
chrX	15800001	15900001	48443	10680.0	0.220465289103
chrX	15900001	16000001	37162	7551.0	0.203191432108
chrX	16000001	16100001	34350	6984.0	0.203318777293
chrX	16100001	16200001	40293	8922.0	0.22142803961
chrX	16200001	16300001	22948	4796.0	0.208994247865
chrX	16300001	16400001	21020	4523.0	0.215176022835
chrX	16400001	16500001	32690	6842.0	0.209299479963
chrX	16500001	16600001	27738	5851.0	0.210938063307
chrX	16600001	16700001	35774	8307.0	0.232207748644
chrX	16700001	16800001	26116	6219.0	0.238129882065
chrX	16800001	16900001	42105	9361.0	0.222325139532
chrX	16900001	17000001	27203	5726.0	0.210491489909
chrX	17000001	17100001	49427	10470.0	0.21182754365
chrX	17100001	17200001	39665	8544.0	0.215404008572
chrX	17200001	17300001	30343	6249.0	0.205945358073
chrX	17300001	17400001	31566	6884.0	0.21808274726
chrX	17400001	17500001	55429	12314.0	0.222158076097
chrX	17500001	17600001	50686	11762.0	0.232056189086
chrX	17600001	17700001	62589	13649.0	0.218073463388
chrX	17700001	17800001	41631	9254.0	0.222286277053
chrX	17800001	17900001	51894	11455.0	0.220738428335
chrX	17900001	18000001	37327	8315.0	0.222761004099
chrX	18000001	18100001	52809	10975.0	0.207824423867
chrX	18100001	18200001	37082	8265.0	0.222884418316
chrX	18200001	18300001	25708	6093.0	0.237007935273
chrX	18300001	18400001	32868	6579.0	0.200164293538
chrX	18400001	18500001	30428	6418.0	0.21092414881
chrX	18500001	18600001	37976	8202.0	0.215978512745
chrX	18600001	18700001	53705	11961.0	0.222716693045
chrX	18700001	18800001	35370	7546.0	0.213344642352
chrX	18800001	18900001	10952	2507.0	0.228907962016
chrX	18900001	19000001	41497	11141.0	0.268477239319
chrX	19000001	19100001	45944	10144.0	0.220790527599
chrX	19100001	19200001	37131	8435.0	0.227168673076
chrX	19200001	19300001	34804	7791.0	0.223853580048
chrX	19300001	19400001	30457	7736.0	0.253997439012
chrX	19400001	19500001	28297	7339.0	0.259356115489
chrX	19500001	19600001	44030	11127.0	0.252714058596
chrX	19600001	19700001	57511	13006.0	0.226148041244
chrX	19700001	19800001	56792	12532.0	0.220664882378
chrX	19800001	19900001	41727	9625.0	0.230665995638
chrX	19900001	20000001	37107	7679.0	0.206942086399
chrX	20000001	20100001	43314	10050.0	0.232026596482
chrX	20100001	20200001	42622	9165.0	0.215029796819
chrX	20200001	20300001	40814	7790.0	0.190865879355
chrX	20300001	20400001	38703	8087.0	0.208950210578
chrX	20400001	20500001	42577	9215.0	0.216431406628
chrX	20500001	20600001	38510	7845.0	0.203713321215
chrX	20600001	20700001	34117	6953.0	0.203798692734
chrX	20700001	20800001	20623	4330.0	0.209959753673
chrX	20800001	20900001	30180	6208.0	0.205699138502
chrX	20900001	21000001	33701	7147.0	0.212070858432
chrX	21000001	21100001	19248	4253.0	0.220958021613
chrX	21100001	21200001	37837	7578.0	0.20028014906
chrX	21200001	21300001	17867	3731.0	0.208820730957
chrX	21300001	21400001	23226	4759.0	0.204899681392
chrX	21400001	21500001	46334	10080.0	0.217550826607
chrX	21500001	21600001	56111	11306.0	0.201493468304
chrX	21600001	21700001	62917	12571.0	0.199802914951
chrX	21700001	21800001	52661	11445.0	0.217333510568
chrX	21800001	21900001	40715	8667.0	0.21286994965
chrX	21900001	22000001	33339	8010.0	0.240259155943
chrX	22000001	22100001	45245	10156.0	0.224466791911
chrX	22100001	22200001	44090	9674.0	0.219414833296
chrX	22200001	22300001	42750	9030.0	0.211228070175
chrX	22300001	22400001	43460	9519.0	0.219028992177
chrX	22400001	22500001	34438	7515.0	0.218218247285
chrX	22500001	22600001	41634	9282.0	0.222942787145
chrX	22600001	22700001	39565	8265.0	0.20889675218
chrX	22700001	22800001	38304	8774.0	0.229062238931
chrX	22800001	22900001	25555	5799.0	0.226922324398
chrX	22900001	23000001	44466	10038.0	0.225745513426
chrX	23000001	23100001	27471	6245.0	0.227330639584
chrX	23100001	23200001	40412	9459.0	0.234064139365
chrX	23200001	23300001	38955	9634.0	0.247310999872
chrX	23300001	23400001	51901	11080.0	0.213483362556
chrX	23400001	23500001	33058	6894.0	0.208542561558
chrX	23500001	23600001	24863	5698.0	0.229175883843
chrX	23600001	23700001	44001	12971.0	0.294788754801
chrX	23700001	23800001	24624	5580.0	0.226608187135
chrX	23800001	23900001	32773	7155.0	0.218319958502
chrX	23900001	24000001	25829	5378.0	0.208215571644
chrX	24000001	24100001	33443	6389.0	0.191041473552
chrX	24100001	24200001	18922	3814.0	0.201564316668
chrX	24200001	24300001	26114	5416.0	0.207398330397
chrX	24300001	24400001	22346	5728.0	0.256332229482
chrX	24400001	24500001	32624	7198.0	0.220635115253
chrX	24500001	24600001	52487	12503.0	0.238211366624
chrX	24600001	24700001	38163	8249.0	0.216151770039
chrX	24700001	24800001	46213	9120.0	0.197347066843
chrX	24800001	24900001	62976	11753.0	0.186626651423
chrX	24900001	25000001	52925	9888.0	0.186830420406
chrX	25000001	25100001	54219	10429.0	0.192349545362
chrX	25100001	25200001	32862	5969.0	0.181638366502
chrX	25200001	25300001	41712	7865.0	0.188554852321
chrX	25300001	25400001	25230	5662.0	0.224415378518
chrX	25400001	25500001	39638	7958.0	0.200766940814
chrX	25500001	25600001	41763	9388.0	0.224792280248
chrX	25600001	25700001	33321	7483.0	0.224573092044
chrX	25700001	25800001	37283	8600.0	0.230668132929
chrX	25800001	25900001	35430	7945.0	0.224244990121
chrX	25900001	26000001	27208	6161.0	0.22644075272
chrX	26000001	26100001	29321	6874.0	0.234439480236
chrX	26100001	26200001	34788	8847.0	0.254311831666
chrX	26200001	26300001	29515	8397.0	0.284499407081
chrX	26300001	26400001	21247	5156.0	0.242669553349
chrX	26400001	26500001	41552	10064.0	0.242202541394
chrX	26500001	26600001	30916	7655.0	0.247606417389
chrX	26600001	26700001	27065	6549.0	0.241973027896
chrX	26700001	26800001	19862	4531.0	0.228124055986
chrX	26800001	26900001	27694	6348.0	0.229219325486
chrX	26900001	27000001	32101	6924.0	0.215694215133
chrX	27000001	27100001	29241	6709.0	0.229438117711
chrX	27100001	27200001	38310	9481.0	0.247481075437
chrX	27200001	27300001	39781	9054.0	0.227596088585
chrX	27300001	27400001	16759	4560.0	0.272092606957
chrX	27400001	27500001	38534	8872.0	0.230238231172
chrX	27500001	27600001	22134	4745.0	0.21437607301
chrX	27600001	27700001	37739	8113.0	0.214976549458
chrX	27700001	27800001	29368	6567.0	0.22361073277
chrX	27800001	27900001	45012	11337.0	0.251866169022
chrX	27900001	28000001	40334	8588.0	0.212922100461
chrX	28000001	28100001	32304	7994.0	0.247461614661
chrX	28100001	28200001	29003	6488.0	0.223700996449
chrX	28200001	28300001	31060	6798.0	0.218866709594
chrX	28300001	28400001	31633	6895.0	0.217968577119
chrX	28400001	28500001	28105	6195.0	0.220423412204
chrX	28500001	28600001	37828	7952.0	0.210214655811
chrX	28600001	28700001	59687	11654.0	0.195251897398
chrX	28700001	28800001	43612	9755.0	0.223676969641
chrX	28800001	28900001	50370	11286.0	0.224061941632
chrX	28900001	29000001	46891	11164.0	0.238084067305
chrX	29000001	29100001	56162	12650.0	0.225241266337
chrX	29100001	29200001	49240	11122.0	0.225873273761
chrX	29200001	29300001	49168	10790.0	0.219451675887
chrX	29300001	29400001	36205	8274.0	0.228531970722
chrX	29400001	29500001	50220	11629.0	0.231561131023
chrX	29500001	29600001	42792	9804.0	0.229108244532
chrX	29600001	29700001	45678	10762.0	0.235605762074
chrX	29700001	29800001	56028	12311.0	0.219729421004
chrX	29800001	29900001	53355	11753.0	0.22027926155
chrX	29900001	30000001	60881	12950.0	0.212710040899
chrX	30000001	30100001	29940	6847.0	0.228690714763
chrX	30100001	30200001	28743	6345.0	0.220749399854
chrX	30200001	30300001	38264	10101.0	0.263981810579
chrX	30300001	30400001	30191	7026.0	0.232718359776
chrX	30400001	30500001	42417	9803.0	0.231110168093
chrX	30500001	30600001	31938	7564.0	0.236833865615
chrX	30600001	30700001	34370	7981.0	0.23220832121
chrX	30700001	30800001	37921	8652.0	0.228158540123
chrX	30800001	30900001	30592	7125.0	0.232904027197
chrX	30900001	31000001	32257	7402.0	0.229469572496
chrX	31000001	31100001	35676	7442.0	0.208599618791
chrX	31100001	31200001	54504	12194.0	0.223726698958
chrX	31200001	31300001	57099	13030.0	0.22820014361
chrX	31300001	31400001	53672	11151.0	0.207761961544
chrX	31400001	31500001	48981	10754.0	0.219554521141
chrX	31500001	31600001	51912	11113.0	0.214073817229
chrX	31600001	31700001	57548	12497.0	0.217157850838
chrX	31700001	31800001	49156	10935.0	0.222455041094
chrX	31800001	31900001	41951	9505.0	0.226573859979
chrX	31900001	32000001	47814	11378.0	0.2379637763
chrX	32000001	32100001	59090	13777.0	0.233152817736
chrX	32100001	32200001	58221	13392.0	0.230020095842
chrX	32200001	32300001	46573	11043.0	0.237111631203
chrX	32300001	32400001	62468	15049.0	0.24090734456
chrX	32400001	32500001	50421	13280.0	0.263382320858
chrX	32500001	32600001	54280	13209.0	0.243349299926
chrX	32600001	32700001	40388	10098.0	0.25002475983
chrX	32700001	32800001	47152	11360.0	0.240922972514
chrX	32800001	32900001	42821	10324.0	0.241096658182
chrX	32900001	33000001	51435	12326.0	0.239642266939
chrX	33000001	33100001	49171	11295.0	0.229708568058
chrX	33100001	33200001	52527	12019.0	0.22881565671
chrX	33200001	33300001	44572	10593.0	0.23766041461
chrX	33300001	33400001	40496	9953.0	0.245777360727
chrX	33400001	33500001	23966	6162.0	0.257114245181
chrX	33500001	33600001	15424	4038.0	0.261799792531
chrX	33600001	33700001	35866	9585.0	0.267244744326
chrX	33700001	33800001	30797	7651.0	0.248433288957
chrX	33800001	33900001	28366	7011.0	0.247162095466
chrX	33900001	34000001	24154	5896.0	0.244100356049
chrX	34000001	34100001	23443	5722.0	0.244081388901
chrX	34100001	34200001	20962	5144.0	0.245396431638
chrX	34200001	34300001	35082	8108.0	0.231115671855
chrX	34300001	34400001	34404	8198.0	0.238286245785
chrX	34400001	34500001	23234	5869.0	0.252603942498
chrX	34500001	34600001	34053	7778.0	0.228408657093
chrX	34600001	34700001	51374	10829.0	0.210787557909
chrX	34700001	34800001	36874	8394.0	0.227640071595
chrX	34800001	34900001	28133	6560.0	0.233178118224
chrX	34900001	35000001	32672	7716.0	0.236165523996
chrX	35000001	35100001	30727	7732.0	0.251635369545
chrX	35100001	35200001	33670	8427.0	0.250282150282
chrX	35200001	35300001	26382	6733.0	0.255211886893
chrX	35300001	35400001	24637	6176.0	0.250679871738
chrX	35400001	35500001	23511	5911.0	0.251414231636
chrX	35500001	35600001	24357	5925.0	0.243256558689
chrX	35600001	35700001	13607	3088.0	0.226942015139
chrX	35700001	35800001	20741	5078.0	0.244829082494
chrX	35800001	35900001	26163	6808.0	0.26021480717
chrX	35900001	36000001	26206	6358.0	0.242616194765
chrX	36000001	36100001	35151	8498.0	0.241756991266
chrX	36100001	36200001	28577	7058.0	0.246981838541
chrX	36200001	36300001	35443	8637.0	0.243687046808
chrX	36300001	36400001	40302	9514.0	0.236067688948
chrX	36400001	36500001	19243	4918.0	0.255573455282
chrX	36500001	36600001	24895	6483.0	0.260413737698
chrX	36600001	36700001	18305	4674.0	0.255340071019
chrX	36700001	36800001	43611	17864.0	0.409621425787
chrX	36800001	36900001	26985	7259.0	0.269001297017
chrX	36900001	37000001	22050	5170.0	0.234467120181
chrX	37000001	37100001	27861	6605.0	0.237069739062
chrX	37100001	37200001	13413	3024.0	0.22545291881
chrX	37200001	37300001	37005	8131.0	0.21972706391
chrX	37300001	37400001	28382	6822.0	0.240363610739
chrX	37400001	37500001	36289	8100.0	0.223208134696
chrX	37500001	37600001	42067	9341.0	0.222050538427
chrX	37600001	37700001	37845	9121.0	0.241009380367
chrX	37700001	37800001	32714	7636.0	0.233416885737
chrX	37800001	37900001	26686	6556.0	0.245671887881
chrX	37900001	38000001	40340	9499.0	0.235473475459
chrX	38000001	38100001	44506	10674.0	0.239832831528
chrX	38100001	38200001	40981	8993.0	0.219443156585
chrX	38200001	38300001	44444	9339.0	0.210129601296
chrX	38300001	38400001	31650	6322.0	0.199747235387
chrX	38400001	38500001	46873	10146.0	0.216457235509
chrX	38500001	38600001	47364	11587.0	0.244637277257
chrX	38600001	38700001	43287	9531.0	0.220181578765
chrX	38700001	38800001	46464	10658.0	0.229381887052
chrX	38800001	38900001	40337	9094.0	0.225450578873
chrX	38900001	39000001	29826	7049.0	0.236337423724
chrX	39000001	39100001	44251	10432.0	0.235746084834
chrX	39100001	39200001	38838	8685.0	0.223621195736
chrX	39200001	39300001	38779	9416.0	0.242811831146
chrX	39300001	39400001	48852	11577.0	0.236981085728
chrX	39400001	39500001	34166	8132.0	0.238014400281
chrX	39500001	39600001	42937	9532.0	0.221999673941
chrX	39600001	39700001	40159	9495.0	0.236435170198
chrX	39700001	39800001	48148	11786.0	0.244786907037
chrX	39800001	39900001	40519	9159.0	0.226042103704
chrX	39900001	40000001	57585	11955.0	0.207606147434
chrX	40000001	40100001	43057	8174.0	0.189841373064
chrX	40100001	40200001	32117	7534.0	0.234579817542
chrX	40200001	40300001	21803	5507.0	0.252579920194
chrX	40300001	40400001	34151	8046.0	0.235600714474
chrX	40400001	40500001	36135	8349.0	0.231050228311
chrX	40500001	40600001	40408	8561.0	0.211863987329
chrX	40600001	40700001	12136	2475.0	0.203938694792
chrX	40700001	40800001	18116	3830.0	0.211415323471
chrX	40800001	40900001	20683	4841.0	0.234056954987
chrX	40900001	41000001	27296	6280.0	0.230070339977
chrX	41000001	41100001	38885	9344.0	0.240298315546
chrX	41100001	41200001	23832	5912.0	0.248069822088
chrX	41200001	41300001	23292	4956.0	0.212776919114
chrX	41300001	41400001	35006	7876.0	0.224990001714
chrX	41400001	41500001	41499	8657.0	0.208607436324
chrX	41500001	41600001	34176	7666.0	0.224309456929
chrX	41600001	41700001	30012	6516.0	0.217113154738
chrX	41700001	41800001	43119	8618.0	0.199865488532
chrX	41800001	41900001	30826	6446.0	0.209109193538
chrX	41900001	42000001	33919	7107.0	0.2095285828
chrX	42000001	42100001	36970	8371.0	0.226426832567
chrX	42100001	42200001	24418	5210.0	0.21336718814
chrX	42200001	42300001	25881	5924.0	0.228893783084
chrX	42300001	42400001	35269	7653.0	0.21698942414
chrX	42400001	42500001	30220	6515.0	0.215585704831
chrX	42500001	42600001	34192	7758.0	0.226895180159
chrX	42600001	42700001	28291	6179.0	0.218408681206
chrX	42700001	42800001	30251	6497.0	0.214769759677
chrX	42800001	42900001	20554	4540.0	0.220881580228
chrX	42900001	43000001	35886	7990.0	0.222649501198
chrX	43000001	43100001	29859	6802.0	0.227804012191
chrX	43100001	43200001	16265	3854.0	0.236950507224
chrX	43200001	43300001	16471	3908.0	0.237265496934
chrX	43300001	43400001	24152	5805.0	0.240352765816
chrX	43400001	43500001	20929	5085.0	0.242964307898
chrX	43500001	43600001	39630	10060.0	0.253848094878
chrX	43600001	43700001	48261	11720.0	0.242846190506
chrX	43700001	43800001	38647	9473.0	0.245116050405
chrX	43800001	43900001	52978	11113.0	0.209766318094
chrX	43900001	44000001	34371	7071.0	0.205725757179
chrX	44000001	44100001	39728	8486.0	0.213602496979
chrX	44100001	44200001	36905	8304.0	0.225010161225
chrX	44200001	44300001	19431	4280.0	0.220266584324
chrX	44300001	44400001	30997	6851.0	0.221021389167
chrX	44400001	44500001	14238	3050.0	0.214215479702
chrX	44500001	44600001	24301	5165.0	0.212542693716
chrX	44600001	44700001	14674	3020.0	0.205806187815
chrX	44700001	44800001	25892	5402.0	0.208635872084
chrX	44800001	44900001	31949	7062.0	0.221039782153
chrX	44900001	45000001	45442	9159.0	0.201553628802
chrX	45000001	45100001	25647	6762.0	0.26365656802
chrX	45100001	45200001	17511	4132.0	0.235965964251
chrX	45200001	45300001	16621	3747.0	0.225437699296
chrX	45300001	45400001	24391	5003.0	0.205116641384
chrX	45400001	45500001	16006	3451.0	0.215606647507
chrX	45500001	45600001	24833	5205.0	0.209600128861
chrX	45600001	45700001	54169	12508.0	0.230906976315
chrX	45700001	45800001	40672	8663.0	0.212996656176
chrX	45800001	45900001	24329	4989.0	0.205063915492
chrX	45900001	46000001	8348	1811.0	0.216938188788
chrX	46000001	46100001	21509	4423.0	0.205634850528
chrX	46100001	46200001	28106	6064.0	0.215754643137
chrX	46200001	46300001	16260	3487.0	0.214452644526
chrX	46300001	46400001	13245	4129.0	0.311740279351
chrX	46400001	46500001	37371	9172.0	0.245430949132
chrX	46500001	46600001	36389	8676.0	0.23842369947
chrX	46600001	46700001	24661	5487.0	0.222497060135
chrX	46700001	46800001	29968	5639.0	0.188167378537
chrX	46800001	46900001	34130	6615.0	0.19381775564
chrX	46900001	47000001	23828	5465.0	0.22935202283
chrX	47000001	47100001	41109	9517.0	0.231506482765
chrX	47100001	47200001	16481	4226.0	0.256416479583
chrX	47200001	47300001	10031	2383.0	0.237563552986
chrX	47300001	47400001	17488	4270.0	0.244167429094
chrX	47400001	47500001	41576	9852.0	0.236963632865
chrX	47500001	47600001	17932	4459.0	0.248661610529
chrX	47600001	47700001	9696	2420.0	0.249587458746
chrX	47700001	47800001	16147	3541.0	0.21929770236
chrX	47800001	47900001	24100	6402.0	0.265643153527
chrX	47900001	48000001	21303	5143.0	0.241421396048
chrX	48000001	48100001	19952	4961.0	0.248646752205
chrX	48100001	48200001	22777	5739.0	0.251964701234
chrX	48200001	48300001	20386	4945.0	0.242568429314
chrX	48300001	48400001	35895	8647.0	0.240897060872
chrX	48400001	48500001	19548	5046.0	0.258133824432
chrX	48500001	48600001	36606	8758.0	0.23925039611
chrX	48600001	48700001	30296	7820.0	0.258119883813
chrX	48700001	48800001	26250	6118.0	0.233066666667
chrX	48800001	48900001	34121	8004.0	0.234576946748
chrX	48900001	49000001	24813	5955.0	0.239995163825
chrX	49000001	49100001	35814	8513.0	0.237700340649
chrX	49100001	49200001	35463	9380.0	0.264501029242
chrX	49200001	49300001	15813	5147.0	0.325491684057
chrX	49300001	49400001	29024	8976.0	0.309261300992
chrX	49400001	49500001	15299	3576.0	0.23374076737
chrX	49500001	49600001	29109	7737.0	0.265794084304
chrX	49600001	49700001	27818	6047.0	0.21737723776
chrX	49700001	49800001	37347	8484.0	0.22716684071
chrX	49800001	49900001	35907	7530.0	0.209708413401
chrX	49900001	50000001	22753	5235.0	0.230079549949
chrX	50000001	50100001	17384	3993.0	0.229693971468
chrX	50100001	50200001	48540	10036.0	0.206757313556
chrX	50200001	50300001	38230	7919.0	0.207140988752
chrX	50300001	50400001	35690	7749.0	0.217119641356
chrX	50400001	50500001	34865	6964.0	0.199741861466
chrX	50500001	50600001	35267	7172.0	0.203362917175
chrX	50600001	50700001	18967	4268.0	0.225022407339
chrX	50700001	50800001	4101	987.0	0.240673006584
chrX	50800001	50900001	906	249.0	0.274834437086
chrX	50900001	51000001	9219	2225.0	0.241349387135
chrX	51000001	51100001	21025	5548.0	0.263876337693
chrX	51100001	51200001	7209	1991.0	0.276182549591
chrX	51200001	51300001	14944	4069.0	0.272283190578
chrX	51300001	51400001	14634	3612.0	0.246822468225
chrX	51400001	51500001	14201	3431.0	0.241602704035
chrX	51500001	51600001	12238	3010.0	0.245955221441
chrX	51600001	51700001	20970	4557.0	0.217310443491
chrX	51700001	51800001	9607	2613.0	0.27198917456
chrX	51800001	51900001	12804	3407.0	0.266088722274
chrX	51900001	52000001	16661	4465.0	0.26799111698
chrX	52000001	52100001	10751	3153.0	0.293275044182
chrX	52100001	52200001	20816	6582.0	0.316199077633
chrX	52200001	52300001	12097	3628.0	0.299909068364
chrX	52300001	52400001	21953	6940.0	0.316129913907
chrX	52400001	52500001	8579	2580.0	0.300734351323
chrX	52500001	52600001	6650	2056.0	0.309172932331
chrX	52600001	52700001	5407	1779.0	0.329017939708
chrX	52700001	52800001	0	0.0	NA
chrX	52800001	52900001	14096	4491.0	0.318601021566
chrX	52900001	53000001	29784	10008.0	0.336019339243
chrX	53000001	53100001	18302	4195.0	0.229209922413
chrX	53100001	53200001	14276	2944.0	0.206220229756
chrX	53200001	53300001	38693	8411.0	0.217377820278
chrX	53300001	53400001	30383	6596.0	0.217095086068
chrX	53400001	53500001	26925	5901.0	0.219164345404
chrX	53500001	53600001	20075	4136.0	0.20602739726
chrX	53600001	53700001	45032	10518.0	0.233567241073
chrX	53700001	53800001	22357	4718.0	0.211030102429
chrX	53800001	53900001	5486	1292.0	0.235508567262
chrX	53900001	54000001	12813	2702.0	0.210879575431
chrX	54000001	54100001	25367	5047.0	0.198959277802
chrX	54100001	54200001	14077	3148.0	0.223627193294
chrX	54200001	54300001	25741	4733.0	0.183870090517
chrX	54300001	54400001	24591	4774.0	0.19413606604
chrX	54400001	54500001	23140	5127.0	0.221564390666
chrX	54500001	54600001	26249	6020.0	0.229342070174
chrX	54600001	54700001	2420	589.0	0.243388429752
chrX	54700001	54800001	4521	1056.0	0.233576642336
chrX	54800001	54900001	27132	6681.0	0.246240601504
chrX	54900001	55000001	19105	4710.0	0.246532321382
chrX	55000001	55100001	20026	4562.0	0.227803854989
chrX	55100001	55200001	10925	3553.0	0.325217391304
chrX	55200001	55300001	0	0.0	NA
chrX	55300001	55400001	315	88.0	0.279365079365
chrX	55400001	55500001	15610	3982.0	0.255092889174
chrX	55500001	55600001	34995	9331.0	0.266638091156
chrX	55600001	55700001	8162	1990.0	0.243812790983
chrX	55700001	55800001	17700	3616.0	0.204293785311
chrX	55800001	55900001	0	0.0	NA
chrX	55900001	56000001	6413	1511.0	0.235615156713
chrX	56000001	56100001	284	75.0	0.264084507042
chrX	56100001	56200001	2835	783.0	0.27619047619
chrX	56200001	56300001	16843	4080.0	0.242237131152
chrX	56300001	56400001	5907	1313.0	0.222278652446
chrX	56400001	56500001	0	0.0	NA
chrX	56500001	56600001	4725	922.0	0.195132275132
chrX	56600001	56700001	0	0.0	NA
chrX	56700001	56800001	10405	3203.0	0.307832772705
chrX	56800001	56900001	9716	3373.0	0.347159324825
chrX	56900001	57000001	0	0.0	NA
chrX	57000001	57100001	8045	2059.0	0.25593536358
chrX	57100001	57200001	10794	2746.0	0.254400592922
chrX	57200001	57300001	0	0.0	NA
chrX	57300001	57400001	0	0.0	NA
chrX	57400001	57500001	0	0.0	NA
chrX	57500001	57600001	0	0.0	NA
chrX	57600001	57700001	7536	2374.0	0.315021231423
chrX	57700001	57800001	0	0.0	NA
chrX	57800001	57900001	1379	353.0	0.255982596084
chrX	57900001	58000001	8767	2137.0	0.243754990305
chrX	58000001	58100001	0	0.0	NA
chrX	58100001	58200001	0	0.0	NA
chrX	58200001	58300001	0	0.0	NA
chrX	58300001	58400001	0	0.0	NA
chrX	58400001	58500001	0	0.0	NA
chrX	58500001	58600001	0	0.0	NA
chrX	58600001	58700001	0	0.0	NA
chrX	58700001	58800001	0	0.0	NA
chrX	58800001	58900001	0	0.0	NA
chrX	58900001	59000001	0	0.0	NA
chrX	59000001	59100001	0	0.0	NA
chrX	59100001	59200001	0	0.0	NA
chrX	59200001	59300001	0	0.0	NA
chrX	59300001	59400001	0	0.0	NA
chrX	59400001	59500001	0	0.0	NA
chrX	59500001	59600001	0	0.0	NA
chrX	59600001	59700001	0	0.0	NA
chrX	59700001	59800001	0	0.0	NA
chrX	59800001	59900001	0	0.0	NA
chrX	59900001	60000001	0	0.0	NA
chrX	60000001	60100001	0	0.0	NA
chrX	60100001	60200001	0	0.0	NA
chrX	60200001	60300001	0	0.0	NA
chrX	60300001	60400001	0	0.0	NA
chrX	60400001	60500001	0	0.0	NA
chrX	60500001	60600001	0	0.0	NA
chrX	60600001	60700001	0	0.0	NA
chrX	60700001	60800001	0	0.0	NA
chrX	60800001	60900001	0	0.0	NA
chrX	60900001	61000001	0	0.0	NA
chrX	61000001	61100001	0	0.0	NA
chrX	61100001	61200001	0	0.0	NA
chrX	61200001	61300001	0	0.0	NA
chrX	61300001	61400001	0	0.0	NA
chrX	61400001	61500001	0	0.0	NA
chrX	61500001	61600001	0	0.0	NA
chrX	61600001	61700001	0	0.0	NA
chrX	61700001	61800001	0	0.0	NA
chrX	61800001	61900001	0	0.0	NA
chrX	61900001	62000001	0	0.0	NA
chrX	62000001	62100001	4464	1213.0	0.271729390681
chrX	62100001	62200001	0	0.0	NA
chrX	62200001	62300001	0	0.0	NA
chrX	62300001	62400001	0	0.0	NA
chrX	62400001	62500001	0	0.0	NA
chrX	62500001	62600001	6129	1551.0	0.253059226628
chrX	62600001	62700001	0	0.0	NA
chrX	62700001	62800001	7785	2037.0	0.261657032755
chrX	62800001	62900001	18519	4469.0	0.241319725687
chrX	62900001	63000001	40498	9579.0	0.236530199022
chrX	63000001	63100001	11659	2762.0	0.236898533322
chrX	63100001	63200001	6343	1731.0	0.272899259026
chrX	63200001	63300001	0	0.0	NA
chrX	63300001	63400001	1086	279.0	0.256906077348
chrX	63400001	63500001	30810	7161.0	0.232424537488
chrX	63500001	63600001	3112	696.0	0.223650385604
chrX	63600001	63700001	6379	1599.0	0.250666248628
chrX	63700001	63800001	0	0.0	NA
chrX	63800001	63900001	0	0.0	NA
chrX	63900001	64000001	0	0.0	NA
chrX	64000001	64100001	753	206.0	0.273572377158
chrX	64100001	64200001	11534	2876.0	0.249349748569
chrX	64200001	64300001	15482	3524.0	0.22761917065
chrX	64300001	64400001	2389	607.0	0.254081205525
chrX	64400001	64500001	2078	502.0	0.241578440808
chrX	64500001	64600001	4917	1239.0	0.251982916412
chrX	64600001	64700001	547	136.0	0.248628884826
chrX	64700001	64800001	31182	6888.0	0.220896671156
chrX	64800001	64900001	28177	6593.0	0.233985165206
chrX	64900001	65000001	32013	7341.0	0.229313091557
chrX	65000001	65100001	0	0.0	NA
chrX	65100001	65200001	869	227.0	0.261219792865
chrX	65200001	65300001	37883	9583.0	0.252963070507
chrX	65300001	65400001	10509	2715.0	0.258349985727
chrX	65400001	65500001	17136	4604.0	0.268674136321
chrX	65500001	65600001	0	0.0	NA
chrX	65600001	65700001	1640	447.0	0.27256097561
chrX	65700001	65800001	0	0.0	NA
chrX	65800001	65900001	6769	1768.0	0.261190722411
chrX	65900001	66000001	6539	1782.0	0.272518733751
chrX	66000001	66100001	8345	2296.0	0.275134811264
chrX	66100001	66200001	16830	4341.0	0.257932263815
chrX	66200001	66300001	8913	2446.0	0.274430606979
chrX	66300001	66400001	11638	3161.0	0.27161024231
chrX	66400001	66500001	3178	824.0	0.259282567653
chrX	66500001	66600001	14386	3923.0	0.272695676352
chrX	66600001	66700001	538	164.0	0.304832713755
chrX	66700001	66800001	34130	7909.0	0.231731614415
chrX	66800001	66900001	34980	8434.0	0.24110920526
chrX	66900001	67000001	43558	9833.0	0.2257449837
chrX	67000001	67100001	3627	899.0	0.247863247863
chrX	67100001	67200001	0	0.0	NA
chrX	67200001	67300001	19194	4672.0	0.24340939877
chrX	67300001	67400001	12815	2961.0	0.231057354663
chrX	67400001	67500001	26485	6652.0	0.251161034548
chrX	67500001	67600001	16218	3931.0	0.242385004316
chrX	67600001	67700001	22902	4995.0	0.218103222426
chrX	67700001	67800001	15208	3254.0	0.213966333509
chrX	67800001	67900001	26036	6348.0	0.243816254417
chrX	67900001	68000001	40739	10558.0	0.259161982376
chrX	68000001	68100001	41368	9253.0	0.223675304583
chrX	68100001	68200001	39808	9357.0	0.235053255627
chrX	68200001	68300001	43429	10681.0	0.245941651892
chrX	68300001	68400001	53398	12582.0	0.235626802502
chrX	68400001	68500001	44128	10826.0	0.245331762146
chrX	68500001	68600001	35655	8387.0	0.23522647595
chrX	68600001	68700001	24221	5303.0	0.218942240205
chrX	68700001	68800001	39943	8614.0	0.215657311669
chrX	68800001	68900001	25059	4999.0	0.199489205475
chrX	68900001	69000001	17774	3611.0	0.203161921908
chrX	69000001	69100001	15050	3106.0	0.206378737542
chrX	69100001	69200001	30627	6036.0	0.197081006955
chrX	69200001	69300001	37695	8629.0	0.228916301897
chrX	69300001	69400001	28468	6406.0	0.225024589012
chrX	69400001	69500001	32304	7362.0	0.227897473997
chrX	69500001	69600001	29529	6190.0	0.209624436994
chrX	69600001	69700001	39508	7770.0	0.196669029057
chrX	69700001	69800001	32482	7432.0	0.228803645096
chrX	69800001	69900001	14357	3001.0	0.209026955492
chrX	69900001	70000001	10782	2243.0	0.208031905027
chrX	70000001	70100001	8660	1799.0	0.207736720554
chrX	70100001	70200001	14938	3175.0	0.212545186772
chrX	70200001	70300001	20649	3981.0	0.192793839895
chrX	70300001	70400001	48010	10169.0	0.211810039575
chrX	70400001	70500001	28771	6201.0	0.215529526259
chrX	70500001	70600001	24861	5279.0	0.212340613813
chrX	70600001	70700001	24218	5186.0	0.214138244281
chrX	70700001	70800001	28763	5315.0	0.184786009804
chrX	70800001	70900001	28656	7921.0	0.276416806253
chrX	70900001	71000001	5923	1857.0	0.313523552254
chrX	71000001	71100001	12831	3929.0	0.306211518977
chrX	71100001	71200001	32305	7014.0	0.217118093174
chrX	71200001	71300001	43168	9977.0	0.231120274277
chrX	71300001	71400001	38597	8781.0	0.227504728347
chrX	71400001	71500001	21845	5275.0	0.241474021515
chrX	71500001	71600001	36945	7449.0	0.201624035729
chrX	71600001	71700001	28646	5206.0	0.181735669902
chrX	71700001	71800001	34563	7007.0	0.202731244394
chrX	71800001	71900001	30735	6679.0	0.217309256548
chrX	71900001	72000001	10530	2267.0	0.215289648623
chrX	72000001	72100001	24642	6206.0	0.251846441036
chrX	72100001	72200001	12741	3172.0	0.248960050232
chrX	72200001	72300001	1152	266.0	0.230902777778
chrX	72300001	72400001	3928	1037.0	0.26400203666
chrX	72400001	72500001	4260	917.0	0.215258215962
chrX	72500001	72600001	239	63.0	0.26359832636
chrX	72600001	72700001	9686	2260.0	0.233326450547
chrX	72700001	72800001	8944	1884.0	0.210644007156
chrX	72800001	72900001	5308	1070.0	0.201582516956
chrX	72900001	73000001	9827	1891.0	0.192429022082
chrX	73000001	73100001	27953	6333.0	0.226558866669
chrX	73100001	73200001	9583	2288.0	0.238756130648
chrX	73200001	73300001	0	0.0	NA
chrX	73300001	73400001	0	0.0	NA
chrX	73400001	73500001	15502	3767.0	0.243000903109
chrX	73500001	73600001	25513	5877.0	0.230353153294
chrX	73600001	73700001	31530	6791.0	0.215382175706
chrX	73700001	73800001	28104	6392.0	0.227440933675
chrX	73800001	73900001	25800	4955.0	0.192054263566
chrX	73900001	74000001	22534	4316.0	0.191532794888
chrX	74000001	74100001	17453	3824.0	0.219102733054
chrX	74100001	74200001	32488	6724.0	0.206968726915
chrX	74200001	74300001	16424	3487.0	0.212311251827
chrX	74300001	74400001	19753	4509.0	0.228269123677
chrX	74400001	74500001	5855	1358.0	0.231938514091
chrX	74500001	74600001	19295	4040.0	0.209380668567
chrX	74600001	74700001	15275	3376.0	0.221014729951
chrX	74700001	74800001	9076	2202.0	0.242617893345
chrX	74800001	74900001	314	112.0	0.356687898089
chrX	74900001	75000001	1948	555.0	0.284907597536
chrX	75000001	75100001	4911	1283.0	0.261250254531
chrX	75100001	75200001	235	77.0	0.327659574468
chrX	75200001	75300001	598	181.0	0.302675585284
chrX	75300001	75400001	13694	3295.0	0.240616328319
chrX	75400001	75500001	1276	288.0	0.225705329154
chrX	75500001	75600001	0	0.0	NA
chrX	75600001	75700001	0	0.0	NA
chrX	75700001	75800001	0	0.0	NA
chrX	75800001	75900001	251	67.0	0.266932270916
chrX	75900001	76000001	9080	2363.0	0.260242290749
chrX	76000001	76100001	4338	1098.0	0.253112033195
chrX	76100001	76200001	17285	3739.0	0.216314723749
chrX	76200001	76300001	20717	4784.0	0.230921465463
chrX	76300001	76400001	5285	1242.0	0.235004730369
chrX	76400001	76500001	1077	230.0	0.213556174559
chrX	76500001	76600001	3958	910.0	0.229914098029
chrX	76600001	76700001	13631	2916.0	0.213924143496
chrX	76700001	76800001	24992	4321.0	0.172895326504
chrX	76800001	76900001	22640	5204.0	0.229858657244
chrX	76900001	77000001	24430	5142.0	0.210478919361
chrX	77000001	77100001	16148	3327.0	0.206031706713
chrX	77100001	77200001	25689	5591.0	0.217641792207
chrX	77200001	77300001	24449	4995.0	0.204302834472
chrX	77300001	77400001	25215	5356.0	0.212413246084
chrX	77400001	77500001	0	0.0	NA
chrX	77500001	77600001	15181	3561.0	0.234569527699
chrX	77600001	77700001	1100	286.0	0.26
chrX	77700001	77800001	0	0.0	NA
chrX	77800001	77900001	4923	1303.0	0.264676010563
chrX	77900001	78000001	27286	6555.0	0.240233086565
chrX	78000001	78100001	26552	6217.0	0.234144320578
chrX	78100001	78200001	4449	1248.0	0.280512474713
chrX	78200001	78300001	14776	3904.0	0.264212236058
chrX	78300001	78400001	14985	4061.0	0.271004337671
chrX	78400001	78500001	19866	5163.0	0.259891271519
chrX	78500001	78600001	13938	3635.0	0.260797818912
chrX	78600001	78700001	5886	1549.0	0.263166836561
chrX	78700001	78800001	0	0.0	NA
chrX	78800001	78900001	0	0.0	NA
chrX	78900001	79000001	0	0.0	NA
chrX	79000001	79100001	0	0.0	NA
chrX	79100001	79200001	0	0.0	NA
chrX	79200001	79300001	0	0.0	NA
chrX	79300001	79400001	0	0.0	NA
chrX	79400001	79500001	404	93.0	0.230198019802
chrX	79500001	79600001	12710	2987.0	0.235011801731
chrX	79600001	79700001	14710	3610.0	0.24541128484
chrX	79700001	79800001	6088	1498.0	0.24605781866
chrX	79800001	79900001	0	0.0	NA
chrX	79900001	80000001	36619	8151.0	0.222589366176
chrX	80000001	80100001	20757	4536.0	0.218528689117
chrX	80100001	80200001	1677	478.0	0.285032796661
chrX	80200001	80300001	0	0.0	NA
chrX	80300001	80400001	12300	2794.0	0.227154471545
chrX	80400001	80500001	25675	6319.0	0.24611489776
chrX	80500001	80600001	19661	4810.0	0.244646762627
chrX	80600001	80700001	10715	2704.0	0.252356509566
chrX	80700001	80800001	1347	370.0	0.274684484039
chrX	80800001	80900001	0	0.0	NA
chrX	80900001	81000001	0	0.0	NA
chrX	81000001	81100001	4951	1304.0	0.263381135124
chrX	81100001	81200001	0	0.0	NA
chrX	81200001	81300001	551	168.0	0.304900181488
chrX	81300001	81400001	382	102.0	0.267015706806
chrX	81400001	81500001	6138	1695.0	0.2761485826
chrX	81500001	81600001	1791	484.0	0.270240089336
chrX	81600001	81700001	2627	674.0	0.256566425581
chrX	81700001	81800001	8685	2327.0	0.267933218192
chrX	81800001	81900001	8582	2142.0	0.249592169657
chrX	81900001	82000001	19153	4566.0	0.238396073722
chrX	82000001	82100001	14595	3688.0	0.25268927715
chrX	82100001	82200001	2917	837.0	0.286938635585
chrX	82200001	82300001	8313	2403.0	0.289065319379
chrX	82300001	82400001	5718	1623.0	0.283840503673
chrX	82400001	82500001	1935	496.0	0.256330749354
chrX	82500001	82600001	11665	2855.0	0.244749249893
chrX	82600001	82700001	8193	2089.0	0.254973758086
chrX	82700001	82800001	34986	8247.0	0.235722860573
chrX	82800001	82900001	5699	1575.0	0.276364274434
chrX	82900001	83000001	0	0.0	NA
chrX	83000001	83100001	1808	562.0	0.310840707965
chrX	83100001	83200001	9467	2648.0	0.27970846097
chrX	83200001	83300001	3147	823.0	0.261518906895
chrX	83300001	83400001	23732	5291.0	0.222947918422
chrX	83400001	83500001	33964	8016.0	0.236014603698
chrX	83500001	83600001	17501	4068.0	0.232443860351
chrX	83600001	83700001	9733	2570.0	0.264050138703
chrX	83700001	83800001	17982	4317.0	0.24007340674
chrX	83800001	83900001	6681	1730.0	0.258943271965
chrX	83900001	84000001	8145	1962.0	0.240883977901
chrX	84000001	84100001	7206	1625.0	0.225506522342
chrX	84100001	84200001	0	0.0	NA
chrX	84200001	84300001	3743	935.0	0.249799625968
chrX	84300001	84400001	23525	5361.0	0.22788522848
chrX	84400001	84500001	20752	4723.0	0.227592521203
chrX	84500001	84600001	34917	7240.0	0.207348855858
chrX	84600001	84700001	19292	4504.0	0.233464648559
chrX	84700001	84800001	15322	3736.0	0.243832397859
chrX	84800001	84900001	8241	2038.0	0.247300084941
chrX	84900001	85000001	3091	698.0	0.225816887739
chrX	85000001	85100001	0	0.0	NA
chrX	85100001	85200001	38860	8545.0	0.219891919712
chrX	85200001	85300001	22671	4982.0	0.219752106215
chrX	85300001	85400001	18260	3891.0	0.21308871851
chrX	85400001	85500001	37083	7456.0	0.201062481461
chrX	85500001	85600001	25591	5381.0	0.210269235278
chrX	85600001	85700001	34148	7420.0	0.217289445941
chrX	85700001	85800001	30509	6931.0	0.227178865253
chrX	85800001	85900001	17030	3983.0	0.23388138579
chrX	85900001	86000001	44142	10377.0	0.235082234606
chrX	86000001	86100001	40878	9355.0	0.228851705074
chrX	86100001	86200001	3083	785.0	0.25462212131
chrX	86200001	86300001	0	0.0	NA
chrX	86300001	86400001	1546	453.0	0.293014230272
chrX	86400001	86500001	0	0.0	NA
chrX	86500001	86600001	0	0.0	NA
chrX	86600001	86700001	5799	1550.0	0.267287463356
chrX	86700001	86800001	12404	3264.0	0.263140922283
chrX	86800001	86900001	20150	5325.0	0.264267990074
chrX	86900001	87000001	5704	1474.0	0.258415147265
chrX	87000001	87100001	0	0.0	NA
chrX	87100001	87200001	0	0.0	NA
chrX	87200001	87300001	0	0.0	NA
chrX	87300001	87400001	0	0.0	NA
chrX	87400001	87500001	0	0.0	NA
chrX	87500001	87600001	0	0.0	NA
chrX	87600001	87700001	6280	1761.0	0.280414012739
chrX	87700001	87800001	0	0.0	NA
chrX	87800001	87900001	0	0.0	NA
chrX	87900001	88000001	0	0.0	NA
chrX	88000001	88100001	6536	1835.0	0.280752753978
chrX	88100001	88200001	0	0.0	NA
chrX	88200001	88300001	0	0.0	NA
chrX	88300001	88400001	0	0.0	NA
chrX	88400001	88500001	0	0.0	NA
chrX	88500001	88600001	0	0.0	NA
chrX	88600001	88700001	0	0.0	NA
chrX	88700001	88800001	4472	1213.0	0.271243291592
chrX	88800001	88900001	0	0.0	NA
chrX	88900001	89000001	0	0.0	NA
chrX	89000001	89100001	0	0.0	NA
chrX	89100001	89200001	3160	849.0	0.268670886076
chrX	89200001	89300001	0	0.0	NA
chrX	89300001	89400001	0	0.0	NA
chrX	89400001	89500001	3066	838.0	0.273320287019
chrX	89500001	89600001	0	0.0	NA
chrX	89600001	89700001	1592	425.0	0.266959798995
chrX	89700001	89800001	0	0.0	NA
chrX	89800001	89900001	1922	530.0	0.275754422477
chrX	89900001	90000001	1753	468.0	0.266970907017
chrX	90000001	90100001	0	0.0	NA
chrX	90100001	90200001	0	0.0	NA
chrX	90200001	90300001	0	0.0	NA
chrX	90300001	90400001	0	0.0	NA
chrX	90400001	90500001	0	0.0	NA
chrX	90500001	90600001	2728	780.0	0.285923753666
chrX	90600001	90700001	9141	2186.0	0.239142325785
chrX	90700001	90800001	3656	948.0	0.259299781182
chrX	90800001	90900001	8186	2076.0	0.253603713657
chrX	90900001	91000001	280	57.0	0.203571428571
chrX	91000001	91100001	41403	9548.0	0.230611308359
chrX	91100001	91200001	8211	1989.0	0.242236024845
chrX	91200001	91300001	65	7.0	0.107692307692
chrX	91300001	91400001	0	0.0	NA
chrX	91400001	91500001	7163	1803.0	0.2517101773
chrX	91500001	91600001	16490	4192.0	0.254214675561
chrX	91600001	91700001	11559	2798.0	0.242062462151
chrX	91700001	91800001	7240	1894.0	0.261602209945
chrX	91800001	91900001	17308	4411.0	0.254853247053
chrX	91900001	92000001	1037	272.0	0.262295081967
chrX	92000001	92100001	0	0.0	NA
chrX	92100001	92200001	0	0.0	NA
chrX	92200001	92300001	0	0.0	NA
chrX	92300001	92400001	0	0.0	NA
chrX	92400001	92500001	0	0.0	NA
chrX	92500001	92600001	0	0.0	NA
chrX	92600001	92700001	0	0.0	NA
chrX	92700001	92800001	0	0.0	NA
chrX	92800001	92900001	1553	375.0	0.241468126207
chrX	92900001	93000001	24897	5804.0	0.23312045628
chrX	93000001	93100001	0	0.0	NA
chrX	93100001	93200001	0	0.0	NA
chrX	93200001	93300001	0	0.0	NA
chrX	93300001	93400001	0	0.0	NA
chrX	93400001	93500001	0	0.0	NA
chrX	93500001	93600001	0	0.0	NA
chrX	93600001	93700001	0	0.0	NA
chrX	93700001	93800001	0	0.0	NA
chrX	93800001	93900001	0	0.0	NA
chrX	93900001	94000001	0	0.0	NA
chrX	94000001	94100001	0	0.0	NA
chrX	94100001	94200001	0	0.0	NA
chrX	94200001	94300001	0	0.0	NA
chrX	94300001	94400001	0	0.0	NA
chrX	94400001	94500001	0	0.0	NA
chrX	94500001	94600001	0	0.0	NA
chrX	94600001	94700001	0	0.0	NA
chrX	94700001	94800001	0	0.0	NA
chrX	94800001	94900001	0	0.0	NA
chrX	94900001	95000001	16286	3632.0	0.22301363134
chrX	95000001	95100001	21554	4967.0	0.230444465064
chrX	95100001	95200001	8500	1871.0	0.220117647059
chrX	95200001	95300001	14880	3372.0	0.226612903226
chrX	95300001	95400001	5559	1348.0	0.242489656413
chrX	95400001	95500001	0	0.0	NA
chrX	95500001	95600001	12078	2883.0	0.23869846001
chrX	95600001	95700001	22133	4568.0	0.206388650431
chrX	95700001	95800001	11322	2356.0	0.208090443385
chrX	95800001	95900001	17953	3589.0	0.199910878405
chrX	95900001	96000001	44824	9575.0	0.213613242906
chrX	96000001	96100001	35202	7366.0	0.209249474462
chrX	96100001	96200001	41560	9364.0	0.22531280077
chrX	96200001	96300001	44681	10196.0	0.228195429825
chrX	96300001	96400001	48260	10704.0	0.221798590966
chrX	96400001	96500001	38506	8447.0	0.219368410118
chrX	96500001	96600001	37495	7631.0	0.203520469396
chrX	96600001	96700001	50160	10219.0	0.203728070175
chrX	96700001	96800001	46063	8979.0	0.194928684628
chrX	96800001	96900001	42564	8488.0	0.199417347994
chrX	96900001	97000001	32068	6844.0	0.213421479356
chrX	97000001	97100001	28700	6210.0	0.21637630662
chrX	97100001	97200001	33812	6939.0	0.205222997752
chrX	97200001	97300001	13288	2962.0	0.222907886815
chrX	97300001	97400001	16868	3853.0	0.228420678207
chrX	97400001	97500001	32559	6959.0	0.213735065573
chrX	97500001	97600001	26277	5701.0	0.216957795791
chrX	97600001	97700001	24671	5375.0	0.21786713145
chrX	97700001	97800001	24226	5517.0	0.227730537439
chrX	97800001	97900001	18022	4279.0	0.237432027522
chrX	97900001	98000001	24063	5676.0	0.235880812866
chrX	98000001	98100001	36137	7795.0	0.215706893212
chrX	98100001	98200001	19944	4764.0	0.238868832732
chrX	98200001	98300001	30709	6957.0	0.226545963724
chrX	98300001	98400001	22907	5265.0	0.229842406251
chrX	98400001	98500001	15980	3652.0	0.228535669587
chrX	98500001	98600001	25351	5984.0	0.236045915349
chrX	98600001	98700001	7282	2003.0	0.27506179621
chrX	98700001	98800001	12135	2997.0	0.246971569839
chrX	98800001	98900001	13862	3477.0	0.250829606117
chrX	98900001	99000001	31302	7373.0	0.235544054693
chrX	99000001	99100001	6306	1631.0	0.258642562639
chrX	99100001	99200001	30189	7039.0	0.233164397628
chrX	99200001	99300001	37261	8621.0	0.231367918199
chrX	99300001	99400001	28023	6322.0	0.225600399672
chrX	99400001	99500001	31302	6551.0	0.209283751837
chrX	99500001	99600001	49433	9277.0	0.187668156899
chrX	99600001	99700001	64165	12103.0	0.188623081119
chrX	99700001	99800001	22794	4828.0	0.211810125472
chrX	99800001	99900001	38346	7650.0	0.199499295885
chrX	99900001	100000001	41474	8770.0	0.211457780778
chrX	100000001	100100001	19967	3997.0	0.200180297491
chrX	100100001	100200001	31126	6564.0	0.21088479085
chrX	100200001	100300001	21293	4636.0	0.217724134692
chrX	100300001	100400001	29465	5975.0	0.202782962837
chrX	100400001	100500001	28623	6208.0	0.216888516228
chrX	100500001	100600001	28338	6092.0	0.214976356835
chrX	100600001	100700001	36735	7692.0	0.209391588403
chrX	100700001	100800001	13477	3070.0	0.22779550345
chrX	100800001	100900001	36388	8577.0	0.235709574585
chrX	100900001	101000001	35490	7868.0	0.221696252465
chrX	101000001	101100001	28803	6810.0	0.236433704822
chrX	101100001	101200001	27714	6036.0	0.217796059753
chrX	101200001	101300001	619	147.0	0.237479806139
chrX	101300001	101400001	7424	1946.0	0.262122844828
chrX	101400001	101500001	19767	4602.0	0.232812262862
chrX	101500001	101600001	15816	3781.0	0.239061709661
chrX	101600001	101700001	15757	3737.0	0.237164434854
chrX	101700001	101800001	16268	3877.0	0.238320629457
chrX	101800001	101900001	14854	3569.0	0.240271980611
chrX	101900001	102000001	20134	4970.0	0.246846130923
chrX	102000001	102100001	24129	6593.0	0.273239670107
chrX	102100001	102200001	1249	360.0	0.288230584468
chrX	102200001	102300001	0	0.0	NA
chrX	102300001	102400001	7181	2135.0	0.29731235204
chrX	102400001	102500001	8947	2250.0	0.251480943333
chrX	102500001	102600001	27339	6418.0	0.234756209079
chrX	102600001	102700001	26525	6638.0	0.250254476909
chrX	102700001	102800001	29033	8399.0	0.289291495884
chrX	102800001	102900001	19672	4416.0	0.224481496543
chrX	102900001	103000001	45379	9589.0	0.211309195884
chrX	103000001	103100001	46477	9427.0	0.202831508058
chrX	103100001	103200001	14311	3449.0	0.24100342394
chrX	103200001	103300001	23349	7715.0	0.330421003041
chrX	103300001	103400001	28520	7514.0	0.263464235624
chrX	103400001	103500001	42221	8988.0	0.212879846522
chrX	103500001	103600001	31363	6583.0	0.209897012403
chrX	103600001	103700001	32064	7193.0	0.22433258483
chrX	103700001	103800001	32825	7306.0	0.222574257426
chrX	103800001	103900001	29381	6456.0	0.219733841598
chrX	103900001	104000001	43511	8998.0	0.206798280894
chrX	104000001	104100001	42594	9314.0	0.218669296145
chrX	104100001	104200001	35358	7468.0	0.211211041348
chrX	104200001	104300001	40565	8826.0	0.217576728707
chrX	104300001	104400001	43318	8955.0	0.206726995706
chrX	104400001	104500001	30247	7023.0	0.232188316197
chrX	104500001	104600001	38030	8230.0	0.216408098869
chrX	104600001	104700001	38859	8670.0	0.223114336447
chrX	104700001	104800001	44275	9751.0	0.22023715415
chrX	104800001	104900001	40762	8772.0	0.215200431775
chrX	104900001	105000001	31455	6944.0	0.22075981561
chrX	105000001	105100001	55948	11129.0	0.198916851362
chrX	105100001	105200001	59442	12817.0	0.215621950809
chrX	105200001	105300001	18706	4498.0	0.240457607185
chrX	105300001	105400001	7730	2096.0	0.271151358344
chrX	105400001	105500001	27752	6206.0	0.223623522629
chrX	105500001	105600001	23246	6257.0	0.269164587456
chrX	105600001	105700001	32493	8436.0	0.259625150032
chrX	105700001	105800001	9501	2625.0	0.276286706662
chrX	105800001	105900001	16177	3521.0	0.217654694937
chrX	105900001	106000001	38407	8571.0	0.223162444346
chrX	106000001	106100001	36180	7432.0	0.205417357656
chrX	106100001	106200001	40404	9190.0	0.227452727453
chrX	106200001	106300001	31704	6937.0	0.218805198082
chrX	106300001	106400001	21631	4516.0	0.208774444085
chrX	106400001	106500001	37493	7707.0	0.205558370896
chrX	106500001	106600001	25941	5606.0	0.216105778497
chrX	106600001	106700001	29872	6738.0	0.225562399572
chrX	106700001	106800001	56333	13369.0	0.237320930893
chrX	106800001	106900001	38288	8704.0	0.227329711659
chrX	106900001	107000001	50880	11484.0	0.22570754717
chrX	107000001	107100001	44102	9625.0	0.218244070564
chrX	107100001	107200001	28710	6575.0	0.229014280738
chrX	107200001	107300001	28783	6596.0	0.229163047632
chrX	107300001	107400001	45463	10626.0	0.233728526494
chrX	107400001	107500001	57624	13742.0	0.238477023462
chrX	107500001	107600001	48682	10357.0	0.212748038289
chrX	107600001	107700001	42024	8756.0	0.208357129259
chrX	107700001	107800001	19775	4282.0	0.216536030341
chrX	107800001	107900001	35061	7430.0	0.211916374319
chrX	107900001	108000001	41915	8844.0	0.210998449243
chrX	108000001	108100001	5665	1215.0	0.214474845543
chrX	108100001	108200001	12031	2915.0	0.242290748899
chrX	108200001	108300001	15489	3317.0	0.214151978824
chrX	108300001	108400001	13935	3042.0	0.218299246502
chrX	108400001	108500001	8851	2150.0	0.242910405604
chrX	108500001	108600001	26812	6108.0	0.22780844398
chrX	108600001	108700001	48345	9602.0	0.198614127624
chrX	108700001	108800001	27625	6443.0	0.233230769231
chrX	108800001	108900001	28741	6919.0	0.240736230472
chrX	108900001	109000001	44322	10413.0	0.234939759036
chrX	109000001	109100001	34545	8429.0	0.244000578955
chrX	109100001	109200001	31387	7812.0	0.248892853729
chrX	109200001	109300001	42630	9816.0	0.230260380014
chrX	109300001	109400001	28603	7261.0	0.253854490788
chrX	109400001	109500001	54359	11926.0	0.219393292739
chrX	109500001	109600001	45940	9180.0	0.199825859817
chrX	109600001	109700001	48636	11032.0	0.226827864134
chrX	109700001	109800001	28973	6749.0	0.232941014048
chrX	109800001	109900001	12031	2695.0	0.224004654642
chrX	109900001	110000001	52463	12326.0	0.234946533748
chrX	110000001	110100001	36101	8316.0	0.230353729814
chrX	110100001	110200001	31362	7466.0	0.238058797271
chrX	110200001	110300001	33714	8000.0	0.237290146527
chrX	110300001	110400001	54564	12774.0	0.234110402463
chrX	110400001	110500001	50672	11046.0	0.217990211557
chrX	110500001	110600001	52819	11291.0	0.21376777296
chrX	110600001	110700001	39780	8601.0	0.216214177979
chrX	110700001	110800001	33971	7324.0	0.215595655118
chrX	110800001	110900001	14310	3089.0	0.215863032844
chrX	110900001	111000001	32396	7190.0	0.221940980368
chrX	111000001	111100001	37042	8313.0	0.224420927596
chrX	111100001	111200001	43517	10052.0	0.230990187743
chrX	111200001	111300001	34108	7596.0	0.222704350885
chrX	111300001	111400001	33793	7519.0	0.222501701536
chrX	111400001	111500001	34532	7884.0	0.228309973358
chrX	111500001	111600001	35582	8301.0	0.23329211399
chrX	111600001	111700001	26936	6139.0	0.227910602911
chrX	111700001	111800001	18794	4484.0	0.238586783016
chrX	111800001	111900001	28136	6635.0	0.235818879727
chrX	111900001	112000001	38970	9033.0	0.231793687452
chrX	112000001	112100001	62851	12916.0	0.205501901322
chrX	112100001	112200001	42589	9056.0	0.212637065909
chrX	112200001	112300001	28810	6509.0	0.22592849705
chrX	112300001	112400001	12391	2890.0	0.233233798725
chrX	112400001	112500001	18164	4293.0	0.236346619687
chrX	112500001	112600001	27162	6412.0	0.236065090936
chrX	112600001	112700001	11253	2565.0	0.227939216209
chrX	112700001	112800001	23637	5430.0	0.229724584338
chrX	112800001	112900001	16379	3776.0	0.230539104951
chrX	112900001	113000001	19799	4498.0	0.22718319107
chrX	113000001	113100001	35585	8276.0	0.232569903049
chrX	113100001	113200001	30538	6839.0	0.223950487917
chrX	113200001	113300001	17196	3885.0	0.225924633636
chrX	113300001	113400001	27809	6161.0	0.221546981193
chrX	113400001	113500001	19710	4608.0	0.233789954338
chrX	113500001	113600001	16429	3794.0	0.230933106093
chrX	113600001	113700001	24757	5739.0	0.231813224543
chrX	113700001	113800001	27036	5985.0	0.22137150466
chrX	113800001	113900001	57041	12519.0	0.219473711891
chrX	113900001	114000001	44171	9862.0	0.223268660433
chrX	114000001	114100001	26221	6184.0	0.235841501087
chrX	114100001	114200001	14316	3150.0	0.220033528919
chrX	114200001	114300001	32359	7171.0	0.221607589851
chrX	114300001	114400001	25273	5072.0	0.200688481779
chrX	114400001	114500001	26937	5488.0	0.203734640086
chrX	114500001	114600001	34107	7527.0	0.220687835342
chrX	114600001	114700001	42879	9618.0	0.224305604142
chrX	114700001	114800001	30877	6850.0	0.221847977459
chrX	114800001	114900001	43093	9677.0	0.224560833546
chrX	114900001	115000001	16422	5343.0	0.325356229448
chrX	115000001	115100001	18605	6431.0	0.345659768879
chrX	115100001	115200001	10771	2300.0	0.2135363476
chrX	115200001	115300001	13789	3156.0	0.228878091232
chrX	115300001	115400001	20594	4780.0	0.232106438769
chrX	115400001	115500001	29869	7268.0	0.243329204192
chrX	115500001	115600001	42409	10097.0	0.238086255276
chrX	115600001	115700001	8663	2207.0	0.25476162992
chrX	115700001	115800001	12548	3062.0	0.244022951865
chrX	115800001	115900001	16248	3617.0	0.222612013786
chrX	115900001	116000001	15069	3742.0	0.248324374544
chrX	116000001	116100001	16057	4011.0	0.249797596064
chrX	116100001	116200001	26687	6922.0	0.259377224866
chrX	116200001	116300001	23694	5848.0	0.246813539293
chrX	116300001	116400001	13767	3088.0	0.224304496259
chrX	116400001	116500001	20485	4440.0	0.216743958994
chrX	116500001	116600001	27692	6378.0	0.230319225769
chrX	116600001	116700001	32788	7737.0	0.235970477004
chrX	116700001	116800001	25861	6708.0	0.259386721318
chrX	116800001	116900001	30394	7587.0	0.249621635849
chrX	116900001	117000001	35764	8999.0	0.251621742534
chrX	117000001	117100001	43483	10136.0	0.233102591817
chrX	117100001	117200001	42594	9536.0	0.223881297835
chrX	117200001	117300001	34435	7857.0	0.228169014085
chrX	117300001	117400001	37181	7919.0	0.212985126812
chrX	117400001	117500001	29094	6085.0	0.209149652849
chrX	117500001	117600001	28932	6044.0	0.208903636112
chrX	117600001	117700001	39484	9183.0	0.232575220342
chrX	117700001	117800001	50482	11887.0	0.235470068539
chrX	117800001	117900001	36581	8648.0	0.236406877887
chrX	117900001	118000001	31480	7483.0	0.237706480305
chrX	118000001	118100001	18644	4356.0	0.233640849603
chrX	118100001	118200001	42500	10060.0	0.236705882353
chrX	118200001	118300001	41519	10367.0	0.249692911679
chrX	118300001	118400001	43521	10104.0	0.232163783001
chrX	118400001	118500001	18786	4402.0	0.234323432343
chrX	118500001	118600001	18347	4386.0	0.239058156647
chrX	118600001	118700001	28860	6982.0	0.241926541927
chrX	118700001	118800001	44349	9286.0	0.209384653543
chrX	118800001	118900001	27051	5918.0	0.218771949281
chrX	118900001	119000001	22817	5076.0	0.222465705395
chrX	119000001	119100001	21516	5060.0	0.235173824131
chrX	119100001	119200001	26473	7433.0	0.280776640351
chrX	119200001	119300001	16183	5296.0	0.327256998084
chrX	119300001	119400001	23592	5053.0	0.214182773822
chrX	119400001	119500001	44109	8984.0	0.203677254075
chrX	119500001	119600001	42151	8541.0	0.202628644635
chrX	119600001	119700001	33472	6729.0	0.201033699809
chrX	119700001	119800001	28447	5620.0	0.197560375435
chrX	119800001	119900001	25180	5434.0	0.215806195393
chrX	119900001	120000001	29688	6158.0	0.207423874966
chrX	120000001	120100001	4757	1240.0	0.260668488543
chrX	120100001	120200001	23490	5430.0	0.231162196679
chrX	120200001	120300001	25190	5554.0	0.220484319174
chrX	120300001	120400001	23515	5847.0	0.248649798001
chrX	120400001	120500001	29121	7278.0	0.24992273617
chrX	120500001	120600001	22662	6320.0	0.278880946077
chrX	120600001	120700001	25053	7188.0	0.286911747096
chrX	120700001	120800001	27996	7474.0	0.26696670953
chrX	120800001	120900001	16583	4352.0	0.262437435928
chrX	120900001	121000001	11981	3079.0	0.256990234538
chrX	121000001	121100001	18220	4448.0	0.244127332602
chrX	121100001	121200001	20303	4811.0	0.236960055164
chrX	121200001	121300001	13926	3544.0	0.254488008043
chrX	121300001	121400001	24703	5958.0	0.24118528114
chrX	121400001	121500001	11638	2763.0	0.237411926448
chrX	121500001	121600001	15870	3705.0	0.233459357278
chrX	121600001	121700001	22855	5152.0	0.225421133231
chrX	121700001	121800001	23725	5172.0	0.217997892518
chrX	121800001	121900001	18076	4067.0	0.224994467803
chrX	121900001	122000001	28077	6318.0	0.22502404103
chrX	122000001	122100001	27899	6170.0	0.221154880103
chrX	122100001	122200001	35917	7696.0	0.214271793301
chrX	122200001	122300001	28591	5865.0	0.205134482879
chrX	122300001	122400001	65907	12982.0	0.196974524709
chrX	122400001	122500001	57179	11266.0	0.197030378286
chrX	122500001	122600001	48803	9933.0	0.203532569719
chrX	122600001	122700001	32919	5974.0	0.181475743492
chrX	122700001	122800001	39105	7496.0	0.191689042322
chrX	122800001	122900001	28784	5856.0	0.203446359088
chrX	122900001	123000001	16704	3854.0	0.230723180077
chrX	123000001	123100001	32202	5741.0	0.178280852121
chrX	123100001	123200001	42298	9310.0	0.220104969502
chrX	123200001	123300001	23780	4801.0	0.20189234651
chrX	123300001	123400001	30024	6337.0	0.211064481748
chrX	123400001	123500001	32389	6918.0	0.213591033993
chrX	123500001	123600001	57691	10399.0	0.180253419077
chrX	123600001	123700001	61874	11408.0	0.184374696965
chrX	123700001	123800001	46232	9016.0	0.19501643883
chrX	123800001	123900001	47674	9249.0	0.194005118094
chrX	123900001	124000001	50206	9673.0	0.192666215193
chrX	124000001	124100001	45870	9236.0	0.201351645956
chrX	124100001	124200001	49449	10247.0	0.207223604117
chrX	124200001	124300001	55280	10791.0	0.195206222865
chrX	124300001	124400001	50450	9427.0	0.18685827552
chrX	124400001	124500001	23244	5211.0	0.224186886939
chrX	124500001	124600001	29250	6433.0	0.219931623932
chrX	124600001	124700001	20584	4718.0	0.229207151185
chrX	124700001	124800001	9302	2152.0	0.231348097183
chrX	124800001	124900001	18173	4132.0	0.227370274583
chrX	124900001	125000001	21911	5104.0	0.23294235772
chrX	125000001	125100001	8334	2109.0	0.25305975522
chrX	125100001	125200001	20718	4916.0	0.237281590887
chrX	125200001	125300001	17224	4076.0	0.236646539712
chrX	125300001	125400001	29102	6858.0	0.235653906948
chrX	125400001	125500001	27466	6606.0	0.240515546494
chrX	125500001	125600001	17356	4081.0	0.235134823692
chrX	125600001	125700001	10243	2330.0	0.227472420189
chrX	125700001	125800001	19779	4762.0	0.240760402447
chrX	125800001	125900001	31418	7476.0	0.23795276593
chrX	125900001	126000001	27065	6233.0	0.230297432108
chrX	126000001	126100001	16455	3902.0	0.237131570951
chrX	126100001	126200001	18113	4584.0	0.253077899851
chrX	126200001	126300001	14721	3712.0	0.252156782827
chrX	126300001	126400001	15815	3944.0	0.24938349668
chrX	126400001	126500001	20521	5231.0	0.254909604795
chrX	126500001	126600001	22485	5739.0	0.25523682455
chrX	126600001	126700001	15903	4118.0	0.258944853172
chrX	126700001	126800001	13097	3320.0	0.253493166374
chrX	126800001	126900001	12693	3176.0	0.250216654849
chrX	126900001	127000001	11903	3095.0	0.260018482735
chrX	127000001	127100001	13076	3447.0	0.263612725604
chrX	127100001	127200001	8775	2443.0	0.278404558405
chrX	127200001	127300001	41	14.0	0.341463414634
chrX	127300001	127400001	9284	2717.0	0.292654028436
chrX	127400001	127500001	31758	7486.0	0.23572013351
chrX	127500001	127600001	24531	5717.0	0.233052056581
chrX	127600001	127700001	18668	4340.0	0.232483394043
chrX	127700001	127800001	46014	10287.0	0.223562394054
chrX	127800001	127900001	31769	6874.0	0.216374453083
chrX	127900001	128000001	35916	7809.0	0.217423989308
chrX	128000001	128100001	42999	9254.0	0.215214307309
chrX	128100001	128200001	36783	8019.0	0.21800831906
chrX	128200001	128300001	44878	8531.0	0.190093141406
chrX	128300001	128400001	31300	6305.0	0.201437699681
chrX	128400001	128500001	20714	4370.0	0.210968427151
chrX	128500001	128600001	27960	5398.0	0.193061516452
chrX	128600001	128700001	45160	9123.0	0.202015057573
chrX	128700001	128800001	51694	11912.0	0.230432932255
chrX	128800001	128900001	35004	8552.0	0.244314935436
chrX	128900001	129000001	42328	9052.0	0.213853713854
chrX	129000001	129100001	32002	6667.0	0.208330729329
chrX	129100001	129200001	44976	9830.0	0.218561010317
chrX	129200001	129300001	49950	10841.0	0.217037037037
chrX	129300001	129400001	41611	8636.0	0.207541275144
chrX	129400001	129500001	21419	4622.0	0.215789719408
chrX	129500001	129600001	41325	8716.0	0.210913490623
chrX	129600001	129700001	36493	8241.0	0.225824130655
chrX	129700001	129800001	34907	7154.0	0.204944566992
chrX	129800001	129900001	46396	9331.0	0.201116475558
chrX	129900001	130000001	42904	8145.0	0.189842438933
chrX	130000001	130100001	32693	6354.0	0.194353531337
chrX	130100001	130200001	44172	8869.0	0.200783301639
chrX	130200001	130300001	20319	4429.0	0.217973325459
chrX	130300001	130400001	45513	9781.0	0.214905631358
chrX	130400001	130500001	46823	9696.0	0.207077718215
chrX	130500001	130600001	28457	6349.0	0.223108549742
chrX	130600001	130700001	22991	5356.0	0.232960723761
chrX	130700001	130800001	29200	6630.0	0.227054794521
chrX	130800001	130900001	27031	8549.0	0.316266508823
chrX	130900001	131000001	32021	8940.0	0.279191780394
chrX	131000001	131100001	14127	3411.0	0.241452537694
chrX	131100001	131200001	52279	10866.0	0.207846362784
chrX	131200001	131300001	34897	7625.0	0.218500157607
chrX	131300001	131400001	38598	8177.0	0.211850354941
chrX	131400001	131500001	17563	4342.0	0.247224278312
chrX	131500001	131600001	62589	13891.0	0.221939957501
chrX	131600001	131700001	46791	10807.0	0.230963219423
chrX	131700001	131800001	50357	11323.0	0.224854538594
chrX	131800001	131900001	60296	13602.0	0.225587103622
chrX	131900001	132000001	53003	11740.0	0.221496896402
chrX	132000001	132100001	34583	7755.0	0.224243125235
chrX	132100001	132200001	42011	9738.0	0.231796434267
chrX	132200001	132300001	27304	6480.0	0.237327864049
chrX	132300001	132400001	41662	9290.0	0.222984974317
chrX	132400001	132500001	58520	13579.0	0.232040328093
chrX	132500001	132600001	46095	9669.0	0.20976244712
chrX	132600001	132700001	42848	9731.0	0.227105115758
chrX	132700001	132800001	43599	8946.0	0.20518819239
chrX	132800001	132900001	49099	10335.0	0.210493085399
chrX	132900001	133000001	57212	11773.0	0.205778508005
chrX	133000001	133100001	57883	11124.0	0.192180778467
chrX	133100001	133200001	40593	7349.0	0.181041066194
chrX	133200001	133300001	19986	4328.0	0.21655158611
chrX	133300001	133400001	34170	6606.0	0.193327480246
chrX	133400001	133500001	8972	2098.0	0.233838609006
chrX	133500001	133600001	40194	8007.0	0.19920883714
chrX	133600001	133700001	37508	8458.0	0.225498560307
chrX	133700001	133800001	47379	10062.0	0.212372570126
chrX	133800001	133900001	43851	8831.0	0.20138651342
chrX	133900001	134000001	40517	8267.0	0.204037811289
chrX	134000001	134100001	31958	6943.0	0.217253895738
chrX	134100001	134200001	24405	6798.0	0.278549477566
chrX	134200001	134300001	15429	4990.0	0.323416942122
chrX	134300001	134400001	16693	5766.0	0.345414245492
chrX	134400001	134500001	26632	7522.0	0.282442174827
chrX	134500001	134600001	16049	4871.0	0.303508006729
chrX	134600001	134700001	35918	8409.0	0.23411659892
chrX	134700001	134800001	18808	4664.0	0.247979583156
chrX	134800001	134900001	14111	4485.0	0.317837148324
chrX	134900001	135000001	9989	3416.0	0.341976173791
chrX	135000001	135100001	29341	6585.0	0.224429978528
chrX	135100001	135200001	30067	6690.0	0.222503076463
chrX	135200001	135300001	50778	12602.0	0.248178344953
chrX	135300001	135400001	43356	10446.0	0.240935510656
chrX	135400001	135500001	34622	7483.0	0.216134249899
chrX	135500001	135600001	43946	10199.0	0.232080280344
chrX	135600001	135700001	32222	7882.0	0.244615480107
chrX	135700001	135800001	54048	11884.0	0.219878626406
chrX	135800001	135900001	34622	7295.0	0.210704176535
chrX	135900001	136000001	14654	3222.0	0.219871707384
chrX	136000001	136100001	19917	4440.0	0.222925139328
chrX	136100001	136200001	43187	9391.0	0.21744969551
chrX	136200001	136300001	24827	5312.0	0.213960607403
chrX	136300001	136400001	39511	8796.0	0.22262154843
chrX	136400001	136500001	33663	7768.0	0.230757805306
chrX	136500001	136600001	40794	9430.0	0.231161445311
chrX	136600001	136700001	47120	9639.0	0.204562818336
chrX	136700001	136800001	32676	6813.0	0.208501652589
chrX	136800001	136900001	32592	7145.0	0.219225576829
chrX	136900001	137000001	39588	7878.0	0.198999696878
chrX	137000001	137100001	40682	8419.0	0.206946561133
chrX	137100001	137200001	15660	3867.0	0.2469348659
chrX	137200001	137300001	23535	5147.0	0.218695559805
chrX	137300001	137400001	37306	8481.0	0.227336085348
chrX	137400001	137500001	28731	6589.0	0.229334168668
chrX	137500001	137600001	22648	5586.0	0.246644295302
chrX	137600001	137700001	20142	4566.0	0.226690497468
chrX	137700001	137800001	59038	13155.0	0.222822588841
chrX	137800001	137900001	40661	9211.0	0.226531565874
chrX	137900001	138000001	48205	11162.0	0.231552743491
chrX	138000001	138100001	35837	8494.0	0.237017607501
chrX	138100001	138200001	42610	9646.0	0.226378784323
chrX	138200001	138300001	44700	10152.0	0.22711409396
chrX	138300001	138400001	30448	6902.0	0.226681555439
chrX	138400001	138500001	11003	2494.0	0.226665454876
chrX	138500001	138600001	32875	7207.0	0.219224334601
chrX	138600001	138700001	49064	11249.0	0.229271971303
chrX	138700001	138800001	32131	7713.0	0.240048551243
chrX	138800001	138900001	52360	11527.0	0.220148968678
chrX	138900001	139000001	36043	7811.0	0.216713370141
chrX	139000001	139100001	23516	4893.0	0.208071100527
chrX	139100001	139200001	36937	7099.0	0.192192110892
chrX	139200001	139300001	34211	7282.0	0.212855514308
chrX	139300001	139400001	16379	3276.0	0.200012210758
chrX	139400001	139500001	19059	3936.0	0.206516606328
chrX	139500001	139600001	44039	9898.0	0.224755330503
chrX	139600001	139700001	37462	7998.0	0.213496342961
chrX	139700001	139800001	28003	6269.0	0.223868871192
chrX	139800001	139900001	30002	7467.0	0.248883407773
chrX	139900001	140000001	27826	6244.0	0.224394451233
chrX	140000001	140100001	30823	6833.0	0.221685105279
chrX	140100001	140200001	17040	3999.0	0.234683098592
chrX	140200001	140300001	23156	5478.0	0.236569355675
chrX	140300001	140400001	22446	5005.0	0.222979595474
chrX	140400001	140500001	20813	4918.0	0.236294623553
chrX	140500001	140600001	25129	5515.0	0.219467547455
chrX	140600001	140700001	17323	4059.0	0.234312763378
chrX	140700001	140800001	22785	5465.0	0.239850779021
chrX	140800001	140900001	33052	7920.0	0.239622413167
chrX	140900001	141000001	18875	5188.0	0.274860927152
chrX	141000001	141100001	23091	5620.0	0.243384868564
chrX	141100001	141200001	27192	6714.0	0.246910856134
chrX	141200001	141300001	10610	3144.0	0.296324222432
chrX	141300001	141400001	26475	6639.0	0.250764872521
chrX	141400001	141500001	20772	5061.0	0.243645291739
chrX	141500001	141600001	31772	7994.0	0.251605186957
chrX	141600001	141700001	36035	8798.0	0.244151519356
chrX	141700001	141800001	33809	8247.0	0.243929131296
chrX	141800001	141900001	10725	2903.0	0.270675990676
chrX	141900001	142000001	31500	8023.0	0.254698412698
chrX	142000001	142100001	30431	7850.0	0.25796063225
chrX	142100001	142200001	22527	6107.0	0.271096905935
chrX	142200001	142300001	24583	6542.0	0.266118862629
chrX	142300001	142400001	35212	8916.0	0.25320913325
chrX	142400001	142500001	32009	7572.0	0.236558467931
chrX	142500001	142600001	26772	6272.0	0.23427461527
chrX	142600001	142700001	17859	4504.0	0.252197771432
chrX	142700001	142800001	40151	8441.0	0.210231376554
chrX	142800001	142900001	27300	6724.0	0.2463003663
chrX	142900001	143000001	17425	4402.0	0.25262553802
chrX	143000001	143100001	21303	5257.0	0.246772755011
chrX	143100001	143200001	34679	8670.0	0.250007208974
chrX	143200001	143300001	28367	7215.0	0.254344837311
chrX	143300001	143400001	20607	5437.0	0.263842383656
chrX	143400001	143500001	17942	4695.0	0.261676513209
chrX	143500001	143600001	12945	3407.0	0.263190421012
chrX	143600001	143700001	23789	6080.0	0.255580310227
chrX	143700001	143800001	30277	7470.0	0.246721934141
chrX	143800001	143900001	12381	3186.0	0.257329779501
chrX	143900001	144000001	11496	2637.0	0.229384133612
chrX	144000001	144100001	14886	3471.0	0.233172108021
chrX	144100001	144200001	20738	5006.0	0.241392612595
chrX	144200001	144300001	28456	6767.0	0.23780573517
chrX	144300001	144400001	11482	2729.0	0.237676363003
chrX	144400001	144500001	20984	4984.0	0.237514296607
chrX	144500001	144600001	21412	4991.0	0.233093592378
chrX	144600001	144700001	23739	5547.0	0.233666119045
chrX	144700001	144800001	23726	5606.0	0.236280873304
chrX	144800001	144900001	35760	8620.0	0.241051454139
chrX	144900001	145000001	37480	8391.0	0.223879402348
chrX	145000001	145100001	13914	4826.0	0.346844904413
chrX	145100001	145200001	26250	6717.0	0.255885714286
chrX	145200001	145300001	32852	8743.0	0.266132959942
chrX	145300001	145400001	20211	5340.0	0.264212557518
chrX	145400001	145500001	31469	7929.0	0.251962248562
chrX	145500001	145600001	18415	4602.0	0.249904968775
chrX	145600001	145700001	22409	5553.0	0.247802222321
chrX	145700001	145800001	19392	4892.0	0.252268976898
chrX	145800001	145900001	23377	5770.0	0.246823801172
chrX	145900001	146000001	25353	5994.0	0.23642172524
chrX	146000001	146100001	15765	3990.0	0.253092293054
chrX	146100001	146200001	23824	5741.0	0.240975486904
chrX	146200001	146300001	9146	2536.0	0.277279685108
chrX	146300001	146400001	28437	7638.0	0.268593733516
chrX	146400001	146500001	28281	6792.0	0.240161238994
chrX	146500001	146600001	24577	5613.0	0.228384261708
chrX	146600001	146700001	33813	8094.0	0.239375388164
chrX	146700001	146800001	25813	6124.0	0.237244799132
chrX	146800001	146900001	39369	9003.0	0.2286824659
chrX	146900001	147000001	23532	5231.0	0.222293047765
chrX	147000001	147100001	44821	9146.0	0.204056134401
chrX	147100001	147200001	25995	5723.0	0.220157722639
chrX	147200001	147300001	34917	7116.0	0.203797577111
chrX	147300001	147400001	32823	7349.0	0.223897876489
chrX	147400001	147500001	25276	5602.0	0.221633169805
chrX	147500001	147600001	48430	11021.0	0.227565558538
chrX	147600001	147700001	59591	13525.0	0.226963803259
chrX	147700001	147800001	61338	13666.0	0.222798265349
chrX	147800001	147900001	55336	12368.0	0.223507300853
chrX	147900001	148000001	63292	14706.0	0.232351640018
chrX	148000001	148100001	65728	14759.0	0.224546616358
chrX	148100001	148200001	19095	4474.0	0.234302173344
chrX	148200001	148300001	23924	5126.0	0.214261829126
chrX	148300001	148400001	35255	8049.0	0.228308041413
chrX	148400001	148500001	26620	6627.0	0.248948159279
chrX	148500001	148600001	32713	9080.0	0.27756549384
chrX	148600001	148700001	23482	8262.0	0.351843965591
chrX	148700001	148800001	20305	6378.0	0.314109825166
chrX	148800001	148900001	12965	4800.0	0.370227535673
chrX	148900001	149000001	0	0.0	NA
chrX	149000001	149100001	6670	2418.0	0.36251874063
chrX	149100001	149200001	35221	8812.0	0.250191647029
chrX	149200001	149300001	31221	6959.0	0.222894846417
chrX	149300001	149400001	42716	11360.0	0.26594250398
chrX	149400001	149500001	35112	9189.0	0.261705399863
chrX	149500001	149600001	41473	10536.0	0.254044800231
chrX	149600001	149700001	42391	11356.0	0.267887051497
chrX	149700001	149800001	42512	11316.0	0.266183665788
chrX	149800001	149900001	40580	9936.0	0.244849679645
chrX	149900001	150000001	23287	7012.0	0.301112208528
chrX	150000001	150100001	25602	6813.0	0.266112022498
chrX	150100001	150200001	25402	6665.0	0.262380914889
chrX	150200001	150300001	12410	2985.0	0.24053182917
chrX	150300001	150400001	17850	4389.0	0.245882352941
chrX	150400001	150500001	34325	7520.0	0.219082301529
chrX	150500001	150600001	37772	9071.0	0.240151434925
chrX	150600001	150700001	22007	5049.0	0.2294270005
chrX	150700001	150800001	30056	6933.0	0.230669417088
chrX	150800001	150900001	45216	11912.0	0.263446567587
chrX	150900001	151000001	45166	11601.0	0.256852499668
chrX	151000001	151100001	21981	6224.0	0.283153632683
chrX	151100001	151200001	27868	6793.0	0.243756279604
chrX	151200001	151300001	7028	2413.0	0.343340922026
chrX	151300001	151400001	26202	6658.0	0.254102740249
chrX	151400001	151500001	18006	4392.0	0.243918693769
chrX	151500001	151600001	17316	3943.0	0.227708477708
chrX	151600001	151700001	12410	2864.0	0.23078162772
chrX	151700001	151800001	26216	5933.0	0.226312175771
chrX	151800001	151900001	28340	8628.0	0.304446012703
chrX	151900001	152000001	17109	5426.0	0.317143024139
chrX	152000001	152100001	41836	11537.0	0.275767281767
chrX	152100001	152200001	21389	6050.0	0.282855673477
chrX	152200001	152300001	18946	5724.0	0.302121819909
chrX	152300001	152400001	28819	8320.0	0.28869842812
chrX	152400001	152500001	15251	5269.0	0.345485541932
chrX	152500001	152600001	25597	8189.0	0.319920303161
chrX	152600001	152700001	32306	9625.0	0.297932272643
chrX	152700001	152800001	53110	16808.0	0.316475240068
chrX	152800001	152900001	42167	14036.0	0.332866933858
chrX	152900001	153000001	39814	12279.0	0.308409102326
chrX	153000001	153100001	39385	12572.0	0.319207820236
chrX	153100001	153200001	34096	10175.0	0.298422102299
chrX	153200001	153300001	41996	11955.0	0.284669968568
chrX	153300001	153400001	28696	6757.0	0.235468357959
chrX	153400001	153500001	33398	10138.0	0.303551110845
chrX	153500001	153600001	32149	9988.0	0.310678403683
chrX	153600001	153700001	42449	13336.0	0.314165233574
chrX	153700001	153800001	26113	8447.0	0.323478727071
chrX	153800001	153900001	15888	5164.0	0.325025176234
chrX	153900001	154000001	21974	6832.0	0.31091289706
chrX	154000001	154100001	13240	4308.0	0.325377643505
chrX	154100001	154200001	14868	4046.0	0.272128060264
chrX	154200001	154300001	22409	5695.0	0.254138962024
chrX	154300001	154400001	19397	4891.0	0.2521523947
chrX	154400001	154500001	20539	5131.0	0.249817420517
chrX	154500001	154600001	12465	2638.0	0.211632571199
chrX	154600001	154700001	1484	547.0	0.368598382749
chrX	154700001	154800001	11364	2473.0	0.217617036255
chrX	154800001	154900001	5245	1336.0	0.25471877979
chrX	154900001	155000001	16467	3086.0	0.187405113257
chrX	155000001	155100001	15373	2976.0	0.193586157549
chrX	155100001	155200001	19537	4429.0	0.226698060091
chrX	155200001	155270560	8560	2593.0	0.302920560748
