chrX	1	1000001	0	0.0	NA
chrX	100001	1100001	0	0.0	NA
chrX	200001	1200001	0	0.0	NA
chrX	300001	1300001	0	0.0	NA
chrX	400001	1400001	0	0.0	NA
chrX	500001	1500001	0	0.0	NA
chrX	600001	1600001	0	0.0	NA
chrX	700001	1700001	0	0.0	NA
chrX	800001	1800001	0	0.0	NA
chrX	900001	1900001	0	0.0	NA
chrX	1000001	2000001	0	0.0	NA
chrX	1100001	2100001	0	0.0	NA
chrX	1200001	2200001	0	0.0	NA
chrX	1300001	2300001	0	0.0	NA
chrX	1400001	2400001	0	0.0	NA
chrX	1500001	2500001	0	0.0	NA
chrX	1600001	2600001	0	0.0	NA
chrX	1700001	2700001	0	0.0	NA
chrX	1800001	2800001	0	0.0	NA
chrX	1900001	2900001	0	0.0	NA
chrX	2000001	3000001	0	0.0	NA
chrX	2100001	3100001	0	0.0	NA
chrX	2200001	3200001	0	0.0	NA
chrX	2300001	3300001	0	0.0	NA
chrX	2400001	3400001	0	0.0	NA
chrX	2500001	3500001	0	0.0	NA
chrX	2600001	3600001	0	0.0	NA
chrX	2700001	3700001	0	0.0	NA
chrX	2800001	3800001	0	0.0	NA
chrX	2900001	3900001	0	0.0	NA
chrX	3000001	4000001	0	0.0	NA
chrX	3100001	4100001	0	0.0	NA
chrX	3200001	4200001	0	0.0	NA
chrX	3300001	4300001	0	0.0	NA
chrX	3400001	4400001	0	0.0	NA
chrX	3500001	4500001	0	0.0	NA
chrX	3600001	4600001	0	0.0	NA
chrX	3700001	4700001	0	0.0	NA
chrX	3800001	4800001	0	0.0	NA
chrX	3900001	4900001	0	0.0	NA
chrX	4000001	5000001	0	0.0	NA
chrX	4100001	5100001	0	0.0	NA
chrX	4200001	5200001	0	0.0	NA
chrX	4300001	5300001	0	0.0	NA
chrX	4400001	5400001	0	0.0	NA
chrX	4500001	5500001	0	0.0	NA
chrX	4600001	5600001	0	0.0	NA
chrX	4700001	5700001	0	0.0	NA
chrX	4800001	5800001	0	0.0	NA
chrX	4900001	5900001	0	0.0	NA
chrX	5000001	6000001	0	0.0	NA
chrX	5100001	6100001	0	0.0	NA
chrX	5200001	6200001	0	0.0	NA
chrX	5300001	6300001	0	0.0	NA
chrX	5400001	6400001	0	0.0	NA
chrX	5500001	6500001	0	0.0	NA
chrX	5600001	6600001	0	0.0	NA
chrX	5700001	6700001	0	0.0	NA
chrX	5800001	6800001	0	0.0	NA
chrX	5900001	6900001	0	0.0	NA
chrX	6000001	7000001	0	0.0	NA
chrX	6100001	7100001	0	0.0	NA
chrX	6200001	7200001	0	0.0	NA
chrX	6300001	7300001	0	0.0	NA
chrX	6400001	7400001	0	0.0	NA
chrX	6500001	7500001	0	0.0	NA
chrX	6600001	7600001	0	0.0	NA
chrX	6700001	7700001	0	0.0	NA
chrX	6800001	7800001	0	0.0	NA
chrX	6900001	7900001	0	0.0	NA
chrX	7000001	8000001	0	0.0	NA
chrX	7100001	8100001	0	0.0	NA
chrX	7200001	8200001	0	0.0	NA
chrX	7300001	8300001	0	0.0	NA
chrX	7400001	8400001	0	0.0	NA
chrX	7500001	8500001	0	0.0	NA
chrX	7600001	8600001	0	0.0	NA
chrX	7700001	8700001	0	0.0	NA
chrX	7800001	8800001	3128	1101.0	0.351982097187
chrX	7900001	8900001	30330	10545.0	0.347675568744
chrX	8000001	9000001	33586	11730.0	0.349252664801
chrX	8100001	9100001	45164	15467.0	0.342463023647
chrX	8200001	9200001	65333	22326.0	0.341726233297
chrX	8300001	9300001	81794	27489.0	0.336075995794
chrX	8400001	9400001	96465	32330.0	0.33514746281
chrX	8500001	9500001	110140	36833.0	0.334419829308
chrX	8600001	9600001	129253	43653.0	0.337732973316
chrX	8700001	9700001	147818	50150.0	0.339268559986
chrX	8800001	9800001	162376	55091.0	0.339280435532
chrX	8900001	9900001	163851	55566.0	0.339125180805
chrX	9000001	10000001	164836	55908.0	0.339173481521
chrX	9100001	10100001	153258	52171.0	0.340412898511
chrX	9200001	10200001	137149	46803.0	0.341256589549
chrX	9300001	10300001	124168	42715.0	0.344009728755
chrX	9400001	10400001	109497	37874.0	0.345890754998
chrX	9500001	10500001	111969	38121.0	0.340460305978
chrX	9600001	10600001	141842	45178.0	0.31850932728
chrX	9700001	10700001	162418	49510.0	0.304830745361
chrX	9800001	10800001	169670	50871.0	0.299823186185
chrX	9900001	10900001	176706	51029.0	0.288779102011
chrX	10000001	11000001	211057	60975.0	0.288902997768
chrX	10100001	11100001	240621	69258.0	0.287830239256
chrX	10200001	11200001	276731	80502.0	0.290903440525
chrX	10300001	11300001	298268	87272.0	0.292595920447
chrX	10400001	11400001	339608	99536.0	0.293090857695
chrX	10500001	11500001	375160	110647.0	0.29493282866
chrX	10600001	11600001	357627	106600.0	0.298075928272
chrX	10700001	11700001	357871	107761.0	0.301116882899
chrX	10800001	11800001	365513	111030.0	0.303764845573
chrX	10900001	11900001	359138	109582.0	0.305125049424
chrX	11000001	12000001	349427	106985.0	0.306172676983
chrX	11100001	12100001	355416	109381.0	0.307754856281
chrX	11200001	12200001	352845	108117.0	0.306414998087
chrX	11300001	12300001	365225	112168.0	0.307120268328
chrX	11400001	12400001	371076	115017.0	0.309955373023
chrX	11500001	12500001	360163	112420.0	0.31213644933
chrX	11600001	12600001	364340	113638.0	0.31190097162
chrX	11700001	12700001	365585	114034.0	0.311921988047
chrX	11800001	12800001	367122	113686.0	0.309668175702
chrX	11900001	12900001	363041	113546.0	0.312763572159
chrX	12000001	13000001	362893	114117.0	0.314464594247
chrX	12100001	13100001	363744	114705.0	0.315345407759
chrX	12200001	13200001	354170	111900.0	0.31594996753
chrX	12300001	13300001	349360	109987.0	0.314824250057
chrX	12400001	13400001	330033	104141.0	0.315547233155
chrX	12500001	13500001	322800	101066.0	0.313091697646
chrX	12600001	13600001	314543	98569.0	0.313372098568
chrX	12700001	13700001	300259	94554.0	0.314908129315
chrX	12800001	13800001	306305	96351.0	0.314559017972
chrX	12900001	13900001	317073	98690.0	0.311253244521
chrX	13000001	14000001	322283	99417.0	0.308477332034
chrX	13100001	14100001	314518	96751.0	0.307616734177
chrX	13200001	14200001	311859	95435.0	0.306019707624
chrX	13300001	14300001	305600	93424.0	0.305706806283
chrX	13400001	14400001	306123	92702.0	0.302825988247
chrX	13500001	14500001	306267	92962.0	0.303532538602
chrX	13600001	14600001	321075	97049.0	0.302262711205
chrX	13700001	14700001	334208	100645.0	0.301144796055
chrX	13800001	14800001	319902	96331.0	0.30112659502
chrX	13900001	14900001	307216	92683.0	0.301686761106
chrX	14000001	15000001	303284	91651.0	0.302195302093
chrX	14100001	15100001	299093	90185.0	0.301528287188
chrX	14200001	15200001	303215	91832.0	0.302861006217
chrX	14300001	15300001	313034	94674.0	0.302439990544
chrX	14400001	15400001	318374	96624.0	0.303492119331
chrX	14500001	15500001	319529	96746.0	0.302776899749
chrX	14600001	15600001	316469	96534.0	0.305034616345
chrX	14700001	15700001	313588	96052.0	0.306299985969
chrX	14800001	15800001	315338	97041.0	0.30773646056
chrX	14900001	15900001	329425	100112.0	0.303899218335
chrX	15000001	16000001	328750	99172.0	0.301663878327
chrX	15100001	16100001	332900	100416.0	0.301640132172
chrX	15200001	16200001	335558	100886.0	0.300651452208
chrX	15300001	16300001	318935	95835.0	0.300484424726
chrX	15400001	16400001	303030	90610.0	0.299013299013
chrX	15500001	16500001	295163	87885.0	0.29775073434
chrX	15600001	16600001	273123	80416.0	0.294431446638
chrX	15700001	16700001	261453	76573.0	0.292874818801
chrX	15800001	16800001	246549	71649.0	0.290607546573
chrX	15900001	16900001	232601	67886.0	0.291856010937
chrX	16000001	17000001	220611	64524.0	0.292478616207
chrX	16100001	17100001	231627	67602.0	0.291857166911
chrX	16200001	17200001	233271	67946.0	0.291274954881
chrX	16300001	17300001	241550	70083.0	0.290138687642
chrX	16400001	17400001	253523	73178.0	0.288644422794
chrX	16500001	17500001	273284	78398.0	0.286873728429
chrX	16600001	17600001	300994	86202.0	0.286391090852
chrX	16700001	17700001	331381	93453.0	0.282010736886
chrX	16800001	17800001	353549	99401.0	0.281151976105
chrX	16900001	17900001	381389	107459.0	0.28175694632
chrX	17000001	18000001	390729	110470.0	0.282727926517
chrX	17100001	18100001	394335	111462.0	0.282658145993
chrX	17200001	18200001	380943	107736.0	0.282813964294
chrX	17300001	18300001	369463	105033.0	0.284285571221
chrX	17400001	18400001	354744	101379.0	0.285780732021
chrX	17500001	18500001	332095	95182.0	0.28661075897
chrX	17600001	18600001	317182	91301.0	0.287850508541
chrX	17700001	18700001	306709	88978.0	0.290105604987
chrX	17800001	18800001	301608	87801.0	0.291109652264
chrX	17900001	18900001	260252	76366.0	0.293430982279
chrX	18000001	19000001	272620	81393.0	0.298558432984
chrX	18100001	19100001	265746	79505.0	0.29917665741
chrX	18200001	19200001	277438	83099.0	0.29952277626
chrX	18300001	19300001	282976	84271.0	0.297802640507
chrX	18400001	19400001	294140	87786.0	0.298449717821
chrX	18500001	19500001	295196	88421.0	0.299533191507
chrX	18600001	19600001	303479	90991.0	0.299826347128
chrX	18700001	19700001	310127	93961.0	0.302975877624
chrX	18800001	19800001	329283	99619.0	0.302533079448
chrX	18900001	19900001	356987	107657.0	0.301571205674
chrX	19000001	20000001	343514	102135.0	0.297324126528
chrX	19100001	20100001	334464	99985.0	0.298940992155
chrX	19200001	20200001	329640	98019.0	0.297351656352
chrX	19300001	20300001	342290	100932.0	0.294872768705
chrX	19400001	20400001	345876	100853.0	0.291587158404
chrX	19500001	20500001	356317	103131.0	0.289436092019
chrX	19600001	20600001	350248	100283.0	0.286319978986
chrX	19700001	20700001	327796	92811.0	0.283136462922
chrX	19800001	20800001	299418	84475.0	0.282130666827
chrX	19900001	20900001	285749	80239.0	0.280802382511
chrX	20000001	21000001	288401	81199.0	0.281548954407
chrX	20100001	21100001	274493	76837.0	0.279923349594
chrX	20200001	21200001	276169	77505.0	0.280643374166
chrX	20300001	21300001	249585	70256.0	0.281491275517
chrX	20400001	21400001	236398	66737.0	0.282307802942
chrX	20500001	21500001	229779	65672.0	0.285805056163
chrX	20600001	21600001	242091	70483.0	0.291142586878
chrX	20700001	21700001	257745	75005.0	0.291004675163
chrX	20800001	21800001	277202	80429.0	0.290145814244
chrX	20900001	21900001	280238	81462.0	0.290688628951
chrX	21000001	22000001	274867	80171.0	0.291671972263
chrX	21100001	22100001	297594	86453.0	0.290506529029
chrX	21200001	22200001	307616	89148.0	0.289802871112
chrX	21300001	22300001	336492	97286.0	0.289118314848
chrX	21400001	22400001	357301	103409.0	0.289417046132
chrX	21500001	22500001	353296	102099.0	0.288989968751
chrX	21600001	22600001	337540	97056.0	0.287539254607
chrX	21700001	22700001	325246	94292.0	0.289909791358
chrX	21800001	22800001	307170	90083.0	0.293267571703
chrX	21900001	22900001	293865	86526.0	0.294441325098
chrX	22000001	23000001	301034	89312.0	0.296684095484
chrX	22100001	23100001	287741	86041.0	0.299022384714
chrX	22200001	23200001	277497	83813.0	0.302032094041
chrX	22300001	23300001	269708	82785.0	0.306943064351
chrX	22400001	23400001	278657	85325.0	0.306200813186
chrX	22500001	23500001	277576	84786.0	0.305451479955
chrX	22600001	23600001	260743	79738.0	0.305810702492
chrX	22700001	23700001	243659	75008.0	0.307840055159
chrX	22800001	23800001	240795	73661.0	0.305907514691
chrX	22900001	23900001	250442	75955.0	0.303283794252
chrX	23000001	24000001	238882	71608.0	0.299763062935
chrX	23100001	24100001	242866	71688.0	0.295175117143
chrX	23200001	24200001	229022	67037.0	0.292709870667
chrX	23300001	24300001	218200	62594.0	0.286865261228
chrX	23400001	24400001	192193	55523.0	0.288891895126
chrX	23500001	24500001	190537	55168.0	0.289539564494
chrX	23600001	24600001	219697	63767.0	0.290249753069
chrX	23700001	24700001	231753	66143.0	0.285402993705
chrX	23800001	24800001	251565	70421.0	0.279931628009
chrX	23900001	24900001	282922	77341.0	0.273365097094
chrX	24000001	25000001	305315	81397.0	0.266600068781
chrX	24100001	25100001	327259	85524.0	0.261334294855
chrX	24200001	25200001	341191	88297.0	0.258790530817
chrX	24300001	25300001	360191	92843.0	0.257760465975
chrX	24400001	25400001	355156	91098.0	0.256501368413
chrX	24500001	25500001	366043	93445.0	0.255284215242
chrX	24600001	25600001	353944	89517.0	0.252912890175
chrX	24700001	25700001	346896	87773.0	0.253023961072
chrX	24800001	25800001	333200	85130.0	0.255492196879
chrX	24900001	25900001	302995	78738.0	0.259865674351
chrX	25000001	26000001	275833	73440.0	0.266248055889
chrX	25100001	26100001	241515	66943.0	0.277179471254
chrX	25200001	26200001	229387	65756.0	0.286659662492
chrX	25300001	26300001	206549	61782.0	0.299115464127
chrX	25400001	26400001	197760	59290.0	0.299807847896
chrX	25500001	26500001	191954	59136.0	0.30807380935
chrX	25600001	26600001	179742	56577.0	0.314767833895
chrX	25700001	26700001	175092	55931.0	0.319437781281
chrX	25800001	26800001	157687	50948.0	0.323095752979
chrX	25900001	26900001	143047	46872.0	0.327668528526
chrX	26000001	27000001	143143	46929.0	0.327846978197
chrX	26100001	27100001	139243	45707.0	0.328253484915
chrX	26200001	27200001	141123	46132.0	0.326892143733
chrX	26300001	27300001	137897	44523.0	0.322871418523
chrX	26400001	27400001	131317	42540.0	0.323948917505
chrX	26500001	27500001	122825	40419.0	0.329077956442
chrX	26600001	27600001	119097	39189.0	0.3290511096
chrX	26700001	27700001	124602	40906.0	0.328293285822
chrX	26800001	27800001	131278	43027.0	0.327754840872
chrX	26900001	27900001	141372	46912.0	0.331833743598
chrX	27000001	28000001	146023	48748.0	0.333837820069
chrX	27100001	28100001	150636	50204.0	0.333280225179
chrX	27200001	28200001	148243	49189.0	0.33181330653
chrX	27300001	28300001	157153	52231.0	0.332357638734
chrX	27400001	28400001	177987	58538.0	0.328889188536
chrX	27500001	28500001	172224	56091.0	0.325686315496
chrX	27600001	28600001	184742	59384.0	0.321442877093
chrX	27700001	28700001	215664	66977.0	0.310561799837
chrX	27800001	28800001	225755	70136.0	0.310673074793
chrX	27900001	28900001	242704	74833.0	0.30833031182
chrX	28000001	29000001	248300	76668.0	0.308771647201
chrX	28100001	29100001	275204	85744.0	0.311565238877
chrX	28200001	29200001	292080	91182.0	0.312181594084
chrX	28300001	29300001	308998	96271.0	0.311558650865
chrX	28400001	29400001	312416	97958.0	0.313549882208
chrX	28500001	29500001	336654	106116.0	0.315207898911
chrX	28600001	29600001	338845	107766.0	0.318039221473
chrX	28700001	29700001	316990	103143.0	0.32538250418
chrX	28800001	29800001	335158	108199.0	0.322829829513
chrX	28900001	29900001	328702	105469.0	0.320865099695
chrX	29000001	30000001	350390	110355.0	0.314949056765
chrX	29100001	30100001	331916	103389.0	0.311491461695
chrX	29200001	30200001	329846	102134.0	0.309641469049
chrX	29300001	30300001	321764	100503.0	0.312350045375
chrX	29400001	30400001	323464	100641.0	0.311135087676
chrX	29500001	30500001	315371	97032.0	0.30767572161
chrX	29600001	30600001	310909	95035.0	0.305668218032
chrX	29700001	30700001	299261	90779.0	0.303343903816
chrX	29800001	30800001	283272	85764.0	0.302762009659
chrX	29900001	30900001	276530	83565.0	0.302191443966
chrX	30000001	31000001	260895	79666.0	0.305356561069
chrX	30100001	31100001	271171	82413.0	0.303915241674
chrX	30200001	31200001	291373	87533.0	0.300415618468
chrX	30300001	31300001	312046	91471.0	0.293133063715
chrX	30400001	31400001	332168	96175.0	0.289537222129
chrX	30500001	31500001	343806	99220.0	0.288592985579
chrX	30600001	31600001	364713	105360.0	0.28888468467
chrX	30700001	31700001	388294	112964.0	0.29092388757
chrX	30800001	31800001	397157	116584.0	0.293546380902
chrX	30900001	31900001	402552	118926.0	0.295430155607
chrX	31000001	32000001	405563	120763.0	0.297766314974
chrX	31100001	32100001	409308	122848.0	0.300135839026
chrX	31200001	32200001	394631	120163.0	0.30449457848
chrX	31300001	32300001	374087	115946.0	0.309943943521
chrX	31400001	32400001	365065	115581.0	0.316603892458
chrX	31500001	32500001	349425	112820.0	0.322873291837
chrX	31600001	32600001	339970	111393.0	0.327655381357
chrX	31700001	32700001	318582	105577.0	0.3313966263
chrX	31800001	32800001	302789	100746.0	0.332726750311
chrX	31900001	32900001	299729	100572.0	0.335543107274
chrX	32000001	33000001	301270	101253.0	0.336087230723
chrX	32100001	33100001	301862	101507.0	0.336269553637
chrX	32200001	33200001	300216	100520.0	0.33482559224
chrX	32300001	33300001	303037	100788.0	0.332593049694
chrX	32400001	33400001	294864	97532.0	0.33076943947
chrX	32500001	33500001	282541	93059.0	0.329364587794
chrX	32600001	33600001	255686	83771.0	0.32763233028
chrX	32700001	33700001	250433	81679.0	0.326151106284
chrX	32800001	33800001	247625	80539.0	0.325245835437
chrX	32900001	33900001	228463	73991.0	0.323864258107
chrX	33000001	34000001	201360	65164.0	0.323619388161
chrX	33100001	34100001	173812	56626.0	0.325788783283
chrX	33200001	34200001	141466	46642.0	0.329704664018
chrX	33300001	34300001	129759	43322.0	0.333865088356
chrX	33400001	34400001	113326	38389.0	0.338748389602
chrX	33500001	34500001	104432	35362.0	0.338612685767
chrX	33600001	34600001	108414	36785.0	0.339301197262
chrX	33700001	34700001	132425	43721.0	0.330156692467
chrX	33800001	34800001	138040	45880.0	0.332367429731
chrX	33900001	34900001	148757	49534.0	0.332986010742
chrX	34000001	35000001	160851	53860.0	0.334844048219
chrX	34100001	35100001	158971	53140.0	0.334274804839
chrX	34200001	35200001	168786	56677.0	0.335792068063
chrX	34300001	35300001	153973	51742.0	0.336045930131
chrX	34400001	35400001	151062	50853.0	0.336636612782
chrX	34500001	35500001	158137	53365.0	0.337460556353
chrX	34600001	35600001	149121	50317.0	0.337423971138
chrX	34700001	35700001	119926	41502.0	0.346063405767
chrX	34800001	35800001	98498	34308.0	0.348311640845
chrX	34900001	35900001	92812	32644.0	0.351721760117
chrX	35000001	36000001	84157	29417.0	0.349549057119
chrX	35100001	36100001	90864	31789.0	0.349852526853
chrX	35200001	36200001	92674	32409.0	0.349709735201
chrX	35300001	36300001	99190	34571.0	0.348533118258
chrX	35400001	36400001	102805	35712.0	0.347376100384
chrX	35500001	36500001	99827	34517.0	0.34576817895
chrX	35600001	36600001	102227	35348.0	0.345779490741
chrX	35700001	36700001	93857	32712.0	0.348530210853
chrX	35800001	36800001	95881	33525.0	0.349652173006
chrX	35900001	36900001	96614	33497.0	0.346709586602
chrX	36000001	37000001	94643	32761.0	0.346153439768
chrX	36100001	37100001	95106	32394.0	0.340609425273
chrX	36200001	37200001	84702	28617.0	0.337855068357
chrX	36300001	37300001	101044	33181.0	0.328381695103
chrX	36400001	37400001	103271	33688.0	0.326209681324
chrX	36500001	37500001	113146	36470.0	0.322326905061
chrX	36600001	37600001	141453	45110.0	0.318904512453
chrX	36700001	37700001	168083	53918.0	0.32078199461
chrX	36800001	37800001	194033	61984.0	0.319450815068
chrX	36900001	37900001	193781	61652.0	0.318152966493
chrX	37000001	38000001	217309	69314.0	0.31896516021
chrX	37100001	38100001	242090	77195.0	0.318869015655
chrX	37200001	38200001	265503	84725.0	0.319111271812
chrX	37300001	38300001	275800	87838.0	0.318484408992
chrX	37400001	38400001	287683	90698.0	0.31527062774
chrX	37500001	38500001	310612	97812.0	0.31490090531
chrX	37600001	38600001	314609	99136.0	0.315108595113
chrX	37700001	38700001	322045	99952.0	0.310366563679
chrX	37800001	38800001	332474	102180.0	0.307332302676
chrX	37900001	38900001	356894	109178.0	0.305911559174
chrX	38000001	39000001	350647	106561.0	0.303898222429
chrX	38100001	39100001	350531	105357.0	0.300564001472
chrX	38200001	39200001	362533	108173.0	0.298381112892
chrX	38300001	39300001	357814	106880.0	0.298702677928
chrX	38400001	39400001	373198	111763.0	0.299473737801
chrX	38500001	39500001	363836	108492.0	0.298189294078
chrX	38600001	39600001	365731	107822.0	0.294812307406
chrX	38700001	39700001	363795	107481.0	0.295443862615
chrX	38800001	39800001	367366	109248.0	0.297381902517
chrX	38900001	39900001	362042	107075.0	0.295752978936
chrX	39000001	40000001	388792	112992.0	0.290623263853
chrX	39100001	40100001	384814	110660.0	0.287567500143
chrX	39200001	40200001	369445	106493.0	0.288251295863
chrX	39300001	40300001	349170	100420.0	0.287596299797
chrX	39400001	40400001	332009	95634.0	0.28804640838
chrX	39500001	40500001	326191	94220.0	0.288849171191
chrX	39600001	40600001	320458	93334.0	0.291251895724
chrX	39700001	40700001	290250	84467.0	0.29101464255
chrX	39800001	40800001	259083	74858.0	0.288934434139
chrX	39900001	40900001	243401	70965.0	0.291555909795
chrX	40000001	41000001	209143	62423.0	0.298470424542
chrX	40100001	41100001	194668	59458.0	0.305432839501
chrX	40200001	41200001	182962	55903.0	0.305544320679
chrX	40300001	41300001	182732	54983.0	0.300894205722
chrX	40400001	41400001	187888	55480.0	0.295282295836
chrX	40500001	41500001	191956	55848.0	0.290941674134
chrX	40600001	41600001	186830	53868.0	0.288326285928
chrX	40700001	41700001	207949	60021.0	0.288633270658
chrX	40800001	41800001	226253	64278.0	0.284097890415
chrX	40900001	41900001	235284	66091.0	0.28089882865
chrX	41000001	42000001	244437	68721.0	0.281139925625
chrX	41100001	42100001	252478	71299.0	0.282396882105
chrX	41200001	42200001	261619	73612.0	0.281371001342
chrX	41300001	42300001	272395	77581.0	0.284810660989
chrX	41400001	42400001	269899	77668.0	0.287766905398
chrX	41500001	42500001	262354	76175.0	0.290351967189
chrX	41600001	42600001	260300	76226.0	0.292839031886
chrX	41700001	42700001	256763	75648.0	0.294621888668
chrX	41800001	42800001	246316	73765.0	0.299473034638
chrX	41900001	42900001	230591	69914.0	0.303194834144
chrX	42000001	43000001	227105	69642.0	0.306651108518
chrX	42100001	43100001	217949	67386.0	0.309182423411
chrX	42200001	43200001	208118	64737.0	0.311059110697
chrX	42300001	43300001	195263	60702.0	0.31087302766
chrX	42400001	43400001	185372	58022.0	0.313003042531
chrX	42500001	43500001	182574	57305.0	0.313872731057
chrX	42600001	43600001	183262	57369.0	0.313043620609
chrX	42700001	43700001	195299	61610.0	0.315465004941
chrX	42800001	43800001	208227	66092.0	0.317403602799
chrX	42900001	43900001	244698	76005.0	0.31060736091
chrX	43000001	44000001	250664	76730.0	0.306106979861
chrX	43100001	44100001	263026	79516.0	0.302312318934
chrX	43200001	44200001	282019	85056.0	0.301596700931
chrX	43300001	44300001	284791	85879.0	0.301550961933
chrX	43400001	44400001	282739	84595.0	0.29919820046
chrX	43500001	44500001	274822	81841.0	0.297796391846
chrX	43600001	44600001	262255	77744.0	0.296444300395
chrX	43700001	44700001	237001	69106.0	0.291585267573
chrX	43800001	44800001	216233	61804.0	0.285821313121
chrX	43900001	44900001	188515	54536.0	0.289292629234
chrX	44000001	45000001	183058	52865.0	0.288788252903
chrX	44100001	45100001	165532	48426.0	0.2925476645
chrX	44200001	45200001	146021	42775.0	0.292937317235
chrX	44300001	45300001	139011	40841.0	0.293796893771
chrX	44400001	45400001	138377	40834.0	0.295092392522
chrX	44500001	45500001	135797	40192.0	0.295971192294
chrX	44600001	45600001	138298	41394.0	0.299310185252
chrX	44700001	45700001	168106	50607.0	0.301042199565
chrX	44800001	45800001	189141	57162.0	0.302218979491
chrX	44900001	45900001	187733	56562.0	0.30128959746
chrX	45000001	46000001	168823	51747.0	0.306516292211
chrX	45100001	46100001	165155	50330.0	0.304744028337
chrX	45200001	46200001	166908	50871.0	0.304784671795
chrX	45300001	46300001	168425	51050.0	0.303102271041
chrX	45400001	46400001	153123	46550.0	0.304003970664
chrX	45500001	46500001	166643	50385.0	0.302352934117
chrX	45600001	46600001	171960	51797.0	0.30121539893
chrX	45700001	46700001	152213	45517.0	0.299034905034
chrX	45800001	46800001	140926	41648.0	0.295530987894
chrX	45900001	46900001	136985	40273.0	0.293995692959
chrX	46000001	47000001	147348	43100.0	0.292504818525
chrX	46100001	47100001	174393	51082.0	0.292913132981
chrX	46200001	47200001	169413	49631.0	0.292958627732
chrX	46300001	47300001	163345	47922.0	0.293379044354
chrX	46400001	47400001	167292	49227.0	0.294257944193
chrX	46500001	47500001	178072	52686.0	0.295869086662
chrX	46600001	47600001	162315	47874.0	0.294945014324
chrX	46700001	47700001	143990	42653.0	0.296221959858
chrX	46800001	47800001	122239	36728.0	0.30046057314
chrX	46900001	47900001	120891	36697.0	0.303554441604
chrX	47000001	48000001	112372	34695.0	0.308751290357
chrX	47100001	48100001	81211	26147.0	0.32196377338
chrX	47200001	48200001	83953	27883.0	0.332126308768
chrX	47300001	48300001	89635	30425.0	0.339432141463
chrX	47400001	48400001	114156	38233.0	0.334918882932
chrX	47500001	48500001	95145	32387.0	0.340396237322
chrX	47600001	48600001	102254	34974.0	0.342030629609
chrX	47700001	48700001	123864	42288.0	0.341406704127
chrX	47800001	48800001	144094	48084.0	0.333698835482
chrX	47900001	48900001	163468	53493.0	0.327238358578
chrX	48000001	49000001	177089	57337.0	0.323775050963
chrX	48100001	49100001	204751	65613.0	0.320452647362
chrX	48200001	49200001	215964	67957.0	0.314668185438
chrX	48300001	49300001	207914	64672.0	0.311051684831
chrX	48400001	49400001	180360	55816.0	0.309469948991
chrX	48500001	49500001	169894	52688.0	0.310122782441
chrX	48600001	49600001	171002	53420.0	0.312394007088
chrX	48700001	49700001	175600	53710.0	0.305865603645
chrX	48800001	49800001	184227	56680.0	0.307663914627
chrX	48900001	49900001	182577	56124.0	0.307399069981
chrX	49000001	50000001	179375	55198.0	0.307724041812
chrX	49100001	50100001	154863	47549.0	0.307039124904
chrX	49200001	50200001	176320	54185.0	0.307310571688
chrX	49300001	50300001	207106	63498.0	0.30659662202
chrX	49400001	50400001	234411	71741.0	0.306047924372
chrX	49500001	50500001	259137	79015.0	0.304915932499
chrX	49600001	50600001	274934	82514.0	0.300122938596
chrX	49700001	50700001	265566	80027.0	0.301345051701
chrX	49800001	50800001	245304	74221.0	0.30256742654
chrX	49900001	50900001	216389	65797.0	0.30406813655
chrX	50000001	51000001	198075	60046.0	0.303147797551
chrX	50100001	51100001	193568	58635.0	0.30291680443
chrX	50200001	51200001	155056	47157.0	0.304128830874
chrX	50300001	51300001	131570	40305.0	0.306338831041
chrX	50400001	51400001	115126	35852.0	0.311415318868
chrX	50500001	51500001	92742	29384.0	0.316835953505
chrX	50600001	51600001	62117	20537.0	0.330618027271
chrX	50700001	51700001	55534	18503.0	0.333183275111
chrX	50800001	51800001	48922	16262.0	0.332406688198
chrX	50900001	51900001	55153	18769.0	0.340307870832
chrX	51000001	52000001	55153	18769.0	0.340307870832
chrX	51100001	52100001	48433	16540.0	0.341502694444
chrX	51200001	52200001	43902	14815.0	0.337456152339
chrX	51300001	52300001	36602	12354.0	0.337522539752
chrX	51400001	52400001	24564	8196.0	0.33365901319
chrX	51500001	52500001	18471	6309.0	0.341562449245
chrX	51600001	52600001	18471	6309.0	0.341562449245
chrX	51700001	52700001	20850	7869.0	0.377410071942
chrX	51800001	52800001	27161	10227.0	0.376532528257
chrX	51900001	52900001	20930	7720.0	0.368848542762
chrX	52000001	53000001	25435	9523.0	0.374405346963
chrX	52100001	53100001	35531	12270.0	0.345332245082
chrX	52200001	53200001	46918	15562.0	0.331685067565
chrX	52300001	53300001	78772	24432.0	0.310160970903
chrX	52400001	53400001	105444	31873.0	0.302274192937
chrX	52500001	53500001	125944	38056.0	0.30216604205
chrX	52600001	53600001	141946	42395.0	0.298669916729
chrX	52700001	53700001	158116	47229.0	0.298698423942
chrX	52800001	53800001	162217	47427.0	0.292367631013
chrX	52900001	53900001	163092	47648.0	0.2921541216
chrX	53000001	54000001	166373	47936.0	0.288123673913
chrX	53100001	54100001	176911	50780.0	0.287036984699
chrX	53200001	54200001	175828	50508.0	0.287258002138
chrX	53300001	54300001	165315	47162.0	0.285285666757
chrX	53400001	54400001	151822	43342.0	0.285479047832
chrX	53500001	54500001	147543	41850.0	0.283646123503
chrX	53600001	54600001	153115	44039.0	0.287620416027
chrX	53700001	54700001	126414	35215.0	0.278568829402
chrX	53800001	54800001	125092	35371.0	0.282759888722
chrX	53900001	54900001	144592	41543.0	0.287311884475
chrX	54000001	55000001	155668	45394.0	0.291607780661
chrX	54100001	55100001	156858	46438.0	0.296051205549
chrX	54200001	55200001	149699	44559.0	0.29765729898
chrX	54300001	55300001	128358	39035.0	0.304110378784
chrX	54400001	55400001	115179	35414.0	0.307469243525
chrX	54500001	55500001	106092	33400.0	0.314821098669
chrX	54600001	55600001	101425	33051.0	0.325866403747
chrX	54700001	55700001	105412	34360.0	0.325959093841
chrX	54800001	55800001	109144	34953.0	0.320246646632
chrX	54900001	55900001	91244	29363.0	0.321807461313
chrX	55000001	56000001	79332	25569.0	0.322303736197
chrX	55100001	56100001	60272	19865.0	0.329589195646
chrX	55200001	56200001	61177	20073.0	0.32811350671
chrX	55300001	56300001	79454	25851.0	0.32535806882
chrX	55400001	56400001	85223	27405.0	0.321568121282
chrX	55500001	56500001	78963	25043.0	0.317148537923
chrX	55600001	56600001	71508	21559.0	0.301490742295
chrX	55700001	56700001	65485	19630.0	0.299763304574
chrX	55800001	56800001	50680	15606.0	0.307932123125
chrX	55900001	56900001	48205	14803.0	0.307084327352
chrX	56000001	57000001	41255	12655.0	0.306750696885
chrX	56100001	57100001	38491	11724.0	0.304590683536
chrX	56200001	57200001	34441	10375.0	0.301239801399
chrX	56300001	57300001	16164	4597.0	0.28439742638
chrX	56400001	57400001	10395	3043.0	0.292736892737
chrX	56500001	57500001	9521	2728.0	0.286524524735
chrX	56600001	57600001	69	33.0	0.478260869565
chrX	56700001	57700001	8116	2873.0	0.353992114342
chrX	56800001	57800001	8116	2873.0	0.353992114342
chrX	56900001	57900001	8116	2873.0	0.353992114342
chrX	57000001	58000001	16234	5693.0	0.350683750154
chrX	57100001	58100001	16234	5693.0	0.350683750154
chrX	57200001	58200001	16234	5693.0	0.350683750154
chrX	57300001	58300001	16234	5693.0	0.350683750154
chrX	57400001	58400001	16234	5693.0	0.350683750154
chrX	57500001	58500001	16234	5693.0	0.350683750154
chrX	57600001	58600001	16234	5693.0	0.350683750154
chrX	57700001	58700001	8118	2820.0	0.347376201035
chrX	57800001	58800001	8118	2820.0	0.347376201035
chrX	57900001	58900001	8118	2820.0	0.347376201035
chrX	58000001	59000001	0	0.0	NA
chrX	58100001	59100001	0	0.0	NA
chrX	58200001	59200001	0	0.0	NA
chrX	58300001	59300001	0	0.0	NA
chrX	58400001	59400001	0	0.0	NA
chrX	58500001	59500001	0	0.0	NA
chrX	58600001	59600001	0	0.0	NA
chrX	58700001	59700001	0	0.0	NA
chrX	58800001	59800001	0	0.0	NA
chrX	58900001	59900001	0	0.0	NA
chrX	59000001	60000001	0	0.0	NA
chrX	59100001	60100001	0	0.0	NA
chrX	59200001	60200001	0	0.0	NA
chrX	59300001	60300001	0	0.0	NA
chrX	59400001	60400001	0	0.0	NA
chrX	59500001	60500001	0	0.0	NA
chrX	59600001	60600001	0	0.0	NA
chrX	59700001	60700001	0	0.0	NA
chrX	59800001	60800001	0	0.0	NA
chrX	59900001	60900001	0	0.0	NA
chrX	60000001	61000001	0	0.0	NA
chrX	60100001	61100001	0	0.0	NA
chrX	60200001	61200001	0	0.0	NA
chrX	60300001	61300001	0	0.0	NA
chrX	60400001	61400001	0	0.0	NA
chrX	60500001	61500001	0	0.0	NA
chrX	60600001	61600001	0	0.0	NA
chrX	60700001	61700001	0	0.0	NA
chrX	60800001	61800001	0	0.0	NA
chrX	60900001	61900001	0	0.0	NA
chrX	61000001	62000001	0	0.0	NA
chrX	61100001	62100001	80	22.0	0.275
chrX	61200001	62200001	80	22.0	0.275
chrX	61300001	62300001	80	22.0	0.275
chrX	61400001	62400001	80	22.0	0.275
chrX	61500001	62500001	80	22.0	0.275
chrX	61600001	62600001	3415	1117.0	0.327086383602
chrX	61700001	62700001	3415	1117.0	0.327086383602
chrX	61800001	62800001	3415	1117.0	0.327086383602
chrX	61900001	62900001	19082	6173.0	0.323498585054
chrX	62000001	63000001	48428	15224.0	0.314363591311
chrX	62100001	63100001	57624	18091.0	0.313949049007
chrX	62200001	63200001	60623	19124.0	0.315457829537
chrX	62300001	63300001	60623	19124.0	0.315457829537
chrX	62400001	63400001	61116	19306.0	0.315891092349
chrX	62500001	63500001	84362	26309.0	0.311858419668
chrX	62600001	63600001	84366	26211.0	0.310682028305
chrX	62700001	63700001	87273	27152.0	0.31111569443
chrX	62800001	63800001	88150	27444.0	0.31133295519
chrX	62900001	63900001	72483	22388.0	0.308872425258
chrX	63000001	64000001	43137	13337.0	0.30917773605
chrX	63100001	64100001	33861	10448.0	0.3085555654
chrX	63200001	64200001	36722	11315.0	0.308125919068
chrX	63300001	64300001	44892	13808.0	0.307582642787
chrX	63400001	64400001	45173	13864.0	0.306908994311
chrX	63500001	64500001	22287	6982.0	0.313276798133
chrX	63600001	64600001	18948	5985.0	0.315864471184
chrX	63700001	64700001	16041	5044.0	0.314444236644
chrX	63800001	64800001	35589	10540.0	0.296158925511
chrX	63900001	64900001	59921	18065.0	0.301480282372
chrX	64000001	65000001	85239	25716.0	0.301692887059
chrX	64100001	65100001	86751	26216.0	0.302198245553
chrX	64200001	65200001	81332	24453.0	0.30065656814
chrX	64300001	65300001	97973	30192.0	0.308166535678
chrX	64400001	65400001	111733	34647.0	0.310087440595
chrX	64500001	65500001	126833	39692.0	0.312946945984
chrX	64600001	65600001	131204	41202.0	0.314030060059
chrX	64700001	65700001	149601	47038.0	0.314423031932
chrX	64800001	65800001	129782	41440.0	0.319304680156
chrX	64900001	65900001	124812	40553.0	0.324912668654
chrX	65000001	66000001	103400	34350.0	0.332205029014
chrX	65100001	66100001	104871	34785.0	0.331693223103
chrX	65200001	66200001	118059	39388.0	0.333629795272
chrX	65300001	66300001	95711	32086.0	0.335238373855
chrX	65400001	66400001	88016	29691.0	0.337336393383
chrX	65500001	66500001	78191	26268.0	0.335946592319
chrX	65600001	66600001	86331	29046.0	0.336449247663
chrX	65700001	66700001	67934	23210.0	0.341655135867
chrX	65800001	66800001	91998	30899.0	0.335865997087
chrX	65900001	66900001	103481	34189.0	0.330389153564
chrX	66000001	67000001	142091	45810.0	0.322399025976
chrX	66100001	67100001	146870	47351.0	0.322400762579
chrX	66200001	67200001	138310	44206.0	0.319615356807
chrX	66300001	67300001	155035	49292.0	0.317941110072
chrX	66400001	67400001	163064	51392.0	0.315164597949
chrX	66500001	67500001	174644	55544.0	0.318041272532
chrX	66600001	67600001	169111	53455.0	0.316094163005
chrX	66700001	67700001	185203	58272.0	0.314638531773
chrX	66800001	67800001	170537	53461.0	0.313486222931
chrX	66900001	67900001	159432	49689.0	0.311662652416
chrX	67000001	68000001	150484	47739.0	0.317236383935
chrX	67100001	68100001	179135	55853.0	0.31179278198
chrX	67200001	68200001	207190	64251.0	0.31010666538
chrX	67300001	68300001	228621	70880.0	0.310032761645
chrX	67400001	68400001	261718	80515.0	0.307640284581
chrX	67500001	68500001	282722	86525.0	0.30604268504
chrX	67600001	68600001	305953	93860.0	0.306779145817
chrX	67700001	68700001	312845	96043.0	0.306998673464
chrX	67800001	68800001	340211	103374.0	0.303852609116
chrX	67900001	68900001	340128	102483.0	0.301307154953
chrX	68000001	69000001	323471	95879.0	0.296406787625
chrX	68100001	69100001	299739	88901.0	0.296594704059
chrX	68200001	69200001	296116	86984.0	0.293749746721
chrX	68300001	69300001	291275	84967.0	0.291707149601
chrX	68400001	69400001	267477	78458.0	0.293326155146
chrX	68500001	69500001	257008	75200.0	0.292597895785
chrX	68600001	69600001	250044	72585.0	0.290288909152
chrX	68700001	69700001	260811	74925.0	0.287276993685
chrX	68800001	69800001	246911	71411.0	0.289217572324
chrX	68900001	69900001	238208	69370.0	0.291216080064
chrX	69000001	70000001	227406	66615.0	0.292934223371
chrX	69100001	70100001	220284	64553.0	0.293044433549
chrX	69200001	70200001	200319	59250.0	0.295778233717
chrX	69300001	70300001	180467	52909.0	0.293178254196
chrX	69400001	70400001	200246	56645.0	0.282877061215
chrX	69500001	70500001	197337	54687.0	0.277124918287
chrX	69600001	70600001	189517	52099.0	0.274904098313
chrX	69700001	70700001	170829	47061.0	0.275486012328
chrX	69800001	70800001	170189	45985.0	0.270199601619
chrX	69900001	70900001	183954	51562.0	0.280298335453
chrX	70000001	71000001	190110	54695.0	0.28770185682
chrX	70100001	71100001	194728	57168.0	0.293578735467
chrX	70200001	71200001	213793	62936.0	0.294378206957
chrX	70300001	71300001	235910	70264.0	0.297842397524
chrX	70400001	71400001	227485	69019.0	0.303400224191
chrX	70500001	71500001	215862	66569.0	0.30838683974
chrX	70600001	71600001	233691	71311.0	0.305150818816
chrX	70700001	71700001	243821	73093.0	0.299781397008
chrX	70800001	71800001	252691	76661.0	0.303378434531
chrX	70900001	71900001	249678	74397.0	0.297971787663
chrX	71000001	72000001	248448	73088.0	0.29417825863
chrX	71100001	72100001	257482	76645.0	0.297671293527
chrX	71200001	72200001	246934	74835.0	0.303056687212
chrX	71300001	72300001	216942	65808.0	0.303343750864
chrX	71400001	72400001	187716	58047.0	0.309227769609
chrX	71500001	72500001	178290	54862.0	0.307712154355
chrX	71600001	72600001	147104	46439.0	0.315688220579
chrX	71700001	72700001	133248	43865.0	0.32919818684
chrX	71800001	72800001	107905	36304.0	0.336444094342
chrX	71900001	72900001	91898	31469.0	0.342434002916
chrX	72000001	73000001	89336	30109.0	0.33703098415
chrX	72100001	73100001	87598	27928.0	0.318820064385
chrX	72200001	73200001	69546	21197.0	0.304791073534
chrX	72300001	73300001	61489	18609.0	0.302639496495
chrX	72400001	73400001	55200	16355.0	0.296286231884
chrX	72500001	73500001	58389	17750.0	0.303995615613
chrX	72600001	73600001	72089	22387.0	0.310546685347
chrX	72700001	73700001	90586	27434.0	0.302850330073
chrX	72800001	73800001	110473	33681.0	0.304879925412
chrX	72900001	73900001	123943	36961.0	0.298209660893
chrX	73000001	74000001	133097	38897.0	0.292245505158
chrX	73100001	74100001	126654	36650.0	0.289371042367
chrX	73200001	74200001	154935	44309.0	0.28598444509
chrX	73300001	74300001	169192	48289.0	0.285409475625
chrX	73400001	74400001	186649	53245.0	0.285268070014
chrX	73500001	74500001	186911	52972.0	0.283407611109
chrX	73600001	74600001	191286	53148.0	0.277845738841
chrX	73700001	74700001	177362	49187.0	0.277325469943
chrX	73800001	74800001	160298	43970.0	0.274301613245
chrX	73900001	74900001	150347	41904.0	0.278715238748
chrX	74000001	75000001	137502	39467.0	0.287028552312
chrX	74100001	75100001	131058	37702.0	0.287674159532
chrX	74200001	75200001	102777	30043.0	0.292312482365
chrX	74300001	75300001	92308	27476.0	0.297655674481
chrX	74400001	75400001	85799	26142.0	0.304688865838
chrX	74500001	75500001	79150	24162.0	0.305268477574
chrX	74600001	75600001	59007	18699.0	0.316894605725
chrX	74700001	75700001	48470	15826.0	0.326511244068
chrX	74800001	75800001	39289	12980.0	0.330372368856
chrX	74900001	75900001	30478	10190.0	0.334339523591
chrX	75000001	76000001	32313	10481.0	0.324358617275
chrX	75100001	76100001	32346	10530.0	0.325542570952
chrX	75200001	76200001	48967	15066.0	0.307676598526
chrX	75300001	76300001	62171	18827.0	0.302826076467
chrX	75400001	76400001	60154	17820.0	0.296239651561
chrX	75500001	76500001	60808	17908.0	0.294500723589
chrX	75600001	76600001	64106	18843.0	0.293935045082
chrX	75700001	76700001	68389	19651.0	0.287341531533
chrX	75800001	76800001	90035	24847.0	0.275970455934
chrX	75900001	76900001	100809	28342.0	0.281145532641
chrX	76000001	77000001	114796	32430.0	0.282501132444
chrX	76100001	77100001	118751	33396.0	0.281227105456
chrX	76200001	77200001	117434	33555.0	0.285734966023
chrX	76300001	77300001	118058	33446.0	0.283301428112
chrX	76400001	77400001	128465	36729.0	0.285906667186
chrX	76500001	77500001	137562	39550.0	0.287506724241
chrX	76600001	77600001	154014	44956.0	0.291895541964
chrX	76700001	77700001	149398	44095.0	0.295151206843
chrX	76800001	77800001	137502	42014.0	0.305551919245
chrX	76900001	77900001	133874	40773.0	0.304562499066
chrX	77000001	78000001	141485	42781.0	0.302371276107
chrX	77100001	78100001	159865	48381.0	0.302636599631
chrX	77200001	78200001	157582	47802.0	0.303346828953
chrX	77300001	78300001	154280	47296.0	0.306559502204
chrX	77400001	78400001	152685	47074.0	0.308307954285
chrX	77500001	78500001	164401	51198.0	0.311421463373
chrX	77600001	78600001	155171	48437.0	0.312152399611
chrX	77700001	78700001	176532	54822.0	0.310549928625
chrX	77800001	78800001	169180	52528.0	0.310485873035
chrX	77900001	78900001	170302	52927.0	0.310783196909
chrX	78000001	79000001	150293	47583.0	0.316601571597
chrX	78100001	79100001	125927	40359.0	0.320495207541
chrX	78200001	79200001	112906	36243.0	0.321001541105
chrX	78300001	79300001	120535	38983.0	0.32341643506
chrX	78400001	79400001	116643	37868.0	0.324648714454
chrX	78500001	79500001	95999	31030.0	0.323232533672
chrX	78600001	79600001	103261	33164.0	0.32116675221
chrX	78700001	79700001	89190	29113.0	0.326415517435
chrX	78800001	79800001	93727	30633.0	0.326832182829
chrX	78900001	79900001	85510	28008.0	0.327540638522
chrX	79000001	80000001	106619	33924.0	0.318179686547
chrX	79100001	80100001	116575	36890.0	0.316448638216
chrX	79200001	80200001	119613	37830.0	0.316269970655
chrX	79300001	80300001	97670	30531.0	0.312593426846
chrX	79400001	80400001	101072	30913.0	0.305851274339
chrX	79500001	80500001	118986	36682.0	0.30828837006
chrX	79600001	80600001	115293	35587.0	0.30866574727
chrX	79700001	80700001	124303	38601.0	0.310539568635
chrX	79800001	80800001	121772	37720.0	0.309759222153
chrX	79900001	80900001	126303	39223.0	0.310546859536
chrX	80000001	81000001	102009	32295.0	0.316589712672
chrX	80100001	81100001	96084	30668.0	0.319179051663
chrX	80200001	81200001	96059	30745.0	0.320063710844
chrX	80300001	81300001	98848	31493.0	0.31860027517
chrX	80400001	81400001	85091	27703.0	0.325569096614
chrX	80500001	81500001	68391	22351.0	0.326812007428
chrX	80600001	81600001	59058	19263.0	0.326170882861
chrX	80700001	81700001	41970	13680.0	0.325947105075
chrX	80800001	81800001	45756	14888.0	0.325378092491
chrX	80900001	81900001	50678	16358.0	0.322783061684
chrX	81000001	82000001	66995	21153.0	0.315739980596
chrX	81100001	82100001	73252	23303.0	0.318121006935
chrX	81200001	82200001	72118	22877.0	0.317216228958
chrX	81300001	82300001	76535	24716.0	0.322937218266
chrX	81400001	82400001	77566	25142.0	0.32413686409
chrX	81500001	82500001	76831	24857.0	0.323528263331
chrX	81600001	82600001	93132	30036.0	0.322509985827
chrX	81700001	82700001	99392	31742.0	0.319361719253
chrX	81800001	82800001	128364	40056.0	0.312050107507
chrX	81900001	82900001	126910	39570.0	0.311795760775
chrX	82000001	83000001	106726	33394.0	0.312894702322
chrX	82100001	83100001	96929	30083.0	0.310361192213
chrX	82200001	83200001	98899	30841.0	0.311843395788
chrX	82300001	83300001	94222	28992.0	0.307698838912
chrX	82400001	83400001	109352	33532.0	0.306642768308
chrX	82500001	83500001	147092	44622.0	0.303361161722
chrX	82600001	83600001	155273	46384.0	0.298725470623
chrX	82700001	83700001	153467	45972.0	0.299556256394
chrX	82800001	83800001	139297	41998.0	0.30149967336
chrX	82900001	83900001	139622	42160.0	0.301958144132
chrX	83000001	84000001	142035	42953.0	0.302411377477
chrX	83100001	84100001	149050	45201.0	0.303260650788
chrX	83200001	84200001	152736	46103.0	0.301847632516
chrX	83300001	84300001	163658	49222.0	0.300761343778
chrX	83400001	84400001	162789	48859.0	0.300136987143
chrX	83500001	84500001	138665	42118.0	0.303739227635
chrX	83600001	84600001	135117	41061.0	0.303892182331
chrX	83700001	84700001	145666	44319.0	0.30425082037
chrX	83800001	84800001	152083	46677.0	0.306917932971
chrX	83900001	84900001	148721	45522.0	0.306089926776
chrX	84000001	85000001	150050	45774.0	0.305058313895
chrX	84100001	85100001	148630	45056.0	0.303142030546
chrX	84200001	85200001	170665	51200.0	0.300002929716
chrX	84300001	85300001	175553	52881.0	0.301225271001
chrX	84400001	85400001	173112	51932.0	0.299990757429
chrX	84500001	85500001	193630	57477.0	0.296839332748
chrX	84600001	85600001	189538	56342.0	0.297259652418
chrX	84700001	85700001	198959	59120.0	0.297146648304
chrX	84800001	85800001	195679	58127.0	0.297052826312
chrX	84900001	85900001	209017	62361.0	0.298353722424
chrX	85000001	86000001	235581	71103.0	0.301819756262
chrX	85100001	86100001	259095	78902.0	0.304529226732
chrX	85200001	86200001	235104	72355.0	0.307757417994
chrX	85300001	86300001	225380	69869.0	0.310005324341
chrX	85400001	86400001	213403	66480.0	0.311523268183
chrX	85500001	86500001	177373	56063.0	0.316074036071
chrX	85600001	86600001	164735	52661.0	0.319670986736
chrX	85700001	86700001	143680	46441.0	0.323225222717
chrX	85800001	86800001	129756	42292.0	0.32593483153
chrX	85900001	86900001	123983	40973.0	0.3304727261
chrX	86000001	87000001	108182	36144.0	0.334103640162
chrX	86100001	87100001	90102	30634.0	0.339992452998
chrX	86200001	87200001	97401	33084.0	0.339667970555
chrX	86300001	87300001	100602	34227.0	0.340221864376
chrX	86400001	87400001	116096	39688.0	0.341855016538
chrX	86500001	87500001	124610	42539.0	0.341377096541
chrX	86600001	87600001	119559	40994.0	0.342876738681
chrX	86700001	87700001	130019	44473.0	0.342050008076
chrX	86800001	87800001	129648	44396.0	0.342434900654
chrX	86900001	87900001	119178	40664.0	0.341203913474
chrX	87000001	88000001	108068	36721.0	0.339795314062
chrX	87100001	88100001	99330	33960.0	0.341890667472
chrX	87200001	88200001	96609	33120.0	0.342825202621
chrX	87300001	88300001	92360	31396.0	0.339930705933
chrX	87400001	88400001	85187	28909.0	0.339359291911
chrX	87500001	88500001	92209	31604.0	0.342743116182
chrX	87600001	88600001	89888	30827.0	0.342949003204
chrX	87700001	88700001	88636	30366.0	0.342592174737
chrX	87800001	88800001	81254	27780.0	0.341890860758
chrX	87900001	88900001	81457	27937.0	0.34296622758
chrX	88000001	89000001	83228	28761.0	0.345568798962
chrX	88100001	89100001	79882	27465.0	0.34381963396
chrX	88200001	89200001	76462	26319.0	0.344210195914
chrX	88300001	89300001	72269	25030.0	0.346344905838
chrX	88400001	89400001	63406	21830.0	0.344289183989
chrX	88500001	89500001	56770	19560.0	0.344548176854
chrX	88600001	89600001	61710	21326.0	0.345584184087
chrX	88700001	89700001	53972	18816.0	0.348625213073
chrX	88800001	89800001	53789	18634.0	0.346427708267
chrX	88900001	89900001	61201	21201.0	0.346415908237
chrX	89000001	90000001	59640	20620.0	0.345741113347
chrX	89100001	90100001	65635	22759.0	0.346750971281
chrX	89200001	90200001	67475	23521.0	0.348588366062
chrX	89300001	90300001	67260	23421.0	0.34821587868
chrX	89400001	90400001	67444	23669.0	0.350943004567
chrX	89500001	90500001	66552	23160.0	0.347998557519
chrX	89600001	90600001	62678	21792.0	0.347681802227
chrX	89700001	90700001	61338	21297.0	0.347207277707
chrX	89800001	90800001	68332	23760.0	0.347714101739
chrX	89900001	90900001	70769	24343.0	0.343978295581
chrX	90000001	91000001	71463	24483.0	0.342596868309
chrX	90100001	91100001	110701	37251.0	0.336501025284
chrX	90200001	91200001	122039	40881.0	0.33498307918
chrX	90300001	91300001	133957	44686.0	0.333584657763
chrX	90400001	91400001	148609	49346.0	0.332052567476
chrX	90500001	91500001	163955	54568.0	0.33282303071
chrX	90600001	91600001	180803	60256.0	0.33326880638
chrX	90700001	91700001	198615	66183.0	0.333222566271
chrX	90800001	91800001	212289	70662.0	0.332857566808
chrX	90900001	91900001	210700	69916.0	0.331827242525
chrX	91000001	92000001	212170	70596.0	0.332733185653
chrX	91100001	92100001	169985	56769.0	0.333964761597
chrX	91200001	92200001	159186	53138.0	0.333810762253
chrX	91300001	92300001	151282	50666.0	0.334910960987
chrX	91400001	92400001	135533	45584.0	0.336331373171
chrX	91500001	92500001	116577	39001.0	0.334551412371
chrX	91600001	92600001	103309	34464.0	0.333601138333
chrX	91700001	92700001	91094	30557.0	0.335444705469
chrX	91800001	92800001	88474	29762.0	0.336392612519
chrX	91900001	92900001	88559	29917.0	0.337819984417
chrX	92000001	93000001	98271	32881.0	0.334595150146
chrX	92100001	93100001	117825	38932.0	0.330422236367
chrX	92200001	93200001	117079	38724.0	0.330751031355
chrX	92300001	93300001	118480	39109.0	0.330089466577
chrX	92400001	93400001	137690	45336.0	0.329261384269
chrX	92500001	93500001	142627	47016.0	0.329643054962
chrX	92600001	93600001	146230	48088.0	0.328851808794
chrX	92700001	93700001	135000	44239.0	0.327696296296
chrX	92800001	93800001	116196	37964.0	0.326723811491
chrX	92900001	93900001	108174	35472.0	0.327916135116
chrX	93000001	94000001	91539	30057.0	0.328351850031
chrX	93100001	94100001	71444	23814.0	0.333324002016
chrX	93200001	94200001	65688	21812.0	0.332054560955
chrX	93300001	94300001	58493	19473.0	0.332911630452
chrX	93400001	94400001	40254	13543.0	0.336438614796
chrX	93500001	94500001	36528	12362.0	0.338425317565
chrX	93600001	94600001	32165	11131.0	0.346059381315
chrX	93700001	94700001	49410	16670.0	0.337381096944
chrX	93800001	94800001	63526	21172.0	0.33328086138
chrX	93900001	94900001	75491	24815.0	0.32871468122
chrX	94000001	95000001	111711	35611.0	0.318777918021
chrX	94100001	95100001	130261	40854.0	0.313631862184
chrX	94200001	95200001	152251	46688.0	0.306651516246
chrX	94300001	95300001	173424	53043.0	0.305857320786
chrX	94400001	95400001	186324	56902.0	0.305392756703
chrX	94500001	95500001	199869	60917.0	0.304784633935
chrX	94600001	95600001	208222	62848.0	0.30183169886
chrX	94700001	95700001	226561	67278.0	0.296953138448
chrX	94800001	95800001	240209	70617.0	0.293981491118
chrX	94900001	95900001	254870	74043.0	0.290512810452
chrX	95000001	96000001	257443	74481.0	0.289310643521
chrX	95100001	96100001	268219	77185.0	0.28776857717
chrX	95200001	96200001	276706	80822.0	0.292086185338
chrX	95300001	96300001	281523	82651.0	0.293585248807
chrX	95400001	96400001	306328	90319.0	0.294844088689
chrX	95500001	96500001	322757	95113.0	0.294689193418
chrX	95600001	96600001	344102	100877.0	0.293160167625
chrX	95700001	96700001	346787	101510.0	0.292715701569
chrX	95800001	96800001	355938	103237.0	0.290042085981
chrX	95900001	96900001	376209	108420.0	0.288190872627
chrX	96000001	97000001	372436	107109.0	0.287590351094
chrX	96100001	97100001	369093	105808.0	0.286670297188
chrX	96200001	97200001	375979	106137.0	0.282295021796
chrX	96300001	97300001	379760	106637.0	0.280801032231
chrX	96400001	97400001	360168	100595.0	0.279300215455
chrX	96500001	97500001	353619	98155.0	0.277572754858
chrX	96600001	97600001	345415	96167.0	0.278410028516
chrX	96700001	97700001	327962	90951.0	0.277321762887
chrX	96800001	97800001	315716	88210.0	0.279396672959
chrX	96900001	97900001	280162	79433.0	0.283525246108
chrX	97000001	98000001	262084	74670.0	0.28490865524
chrX	97100001	98100001	264883	76141.0	0.287451440825
chrX	97200001	98200001	243765	71534.0	0.293454761758
chrX	97300001	98300001	243492	72017.0	0.29576741741
chrX	97400001	98400001	245647	72851.0	0.296567839216
chrX	97500001	98500001	229923	68579.0	0.298269420632
chrX	97600001	98600001	225536	67788.0	0.300563989784
chrX	97700001	98700001	207060	63176.0	0.305109630059
chrX	97800001	98800001	187050	57707.0	0.308511093291
chrX	97900001	98900001	184902	57285.0	0.309812765681
chrX	98000001	99000001	204796	63641.0	0.31075313971
chrX	98100001	99100001	181109	57006.0	0.314760724205
chrX	98200001	99200001	180907	56443.0	0.312000088443
chrX	98300001	99300001	180056	56349.0	0.312952636957
chrX	98400001	99400001	186583	57813.0	0.309851379815
chrX	98500001	99500001	202695	62087.0	0.306307506352
chrX	98600001	99600001	225626	66950.0	0.296729986792
chrX	98700001	99700001	281609	80648.0	0.286382892592
chrX	98800001	99800001	295245	84498.0	0.286196209927
chrX	98900001	99900001	317978	90344.0	0.284120285051
chrX	99000001	100000001	317874	90018.0	0.283187678137
chrX	99100001	100100001	327052	92414.0	0.282566686643
chrX	99200001	100200001	332807	94310.0	0.283377452998
chrX	99300001	100300001	320756	90242.0	0.281341580516
chrX	99400001	100400001	312018	87269.0	0.279692197245
chrX	99500001	100500001	305323	85757.0	0.280873042647
chrX	99600001	100600001	280305	80272.0	0.286373771428
chrX	99700001	100700001	251582	74706.0	0.296944932467
chrX	99800001	100800001	238042	70660.0	0.29683837306
chrX	99900001	100900001	232556	70132.0	0.301570374447
chrX	100000001	101000001	222476	67463.0	0.303237203114
chrX	100100001	101100001	224122	68771.0	0.306846271227
chrX	100200001	101200001	217284	66707.0	0.307003737045
chrX	100300001	101300001	202165	62198.0	0.307659584992
chrX	100400001	101400001	186490	58261.0	0.31240817202
chrX	100500001	101500001	165034	51945.0	0.314753323558
chrX	100600001	101600001	154638	49408.0	0.319507494924
chrX	100700001	101700001	133074	43439.0	0.326427401296
chrX	100800001	101800001	133575	43857.0	0.328332397529
chrX	100900001	101900001	113369	37491.0	0.330698868297
chrX	101000001	102000001	101287	33843.0	0.334129750116
chrX	101100001	102100001	94568	31892.0	0.337238812283
chrX	101200001	102200001	84357	29367.0	0.348127600555
chrX	101300001	102300001	83775	29253.0	0.349185317816
chrX	101400001	102400001	92417	32266.0	0.349134899423
chrX	101500001	102500001	102344	35902.0	0.350797311029
chrX	101600001	102600001	110264	37974.0	0.344391641878
chrX	101700001	102700001	112030	38352.0	0.342336874052
chrX	101800001	102800001	115418	40171.0	0.348047964789
chrX	101900001	102900001	118167	40937.0	0.346433437423
chrX	102000001	103000001	141384	47209.0	0.333906241159
chrX	102100001	103100001	168301	53848.0	0.319950564762
chrX	102200001	103200001	169153	53503.0	0.316299444881
chrX	102300001	103300001	170326	53883.0	0.316352171718
chrX	102400001	103400001	168023	52721.0	0.313772519238
chrX	102500001	103500001	178120	55086.0	0.309263417921
chrX	102600001	103600001	185711	56733.0	0.305490789452
chrX	102700001	103700001	203671	61983.0	0.304329040462
chrX	102800001	103800001	222602	66755.0	0.299884996541
chrX	102900001	103900001	237091	70983.0	0.299391372933
chrX	103000001	104000001	235961	70683.0	0.299553739813
chrX	103100001	104100001	224564	68018.0	0.302889154094
chrX	103200001	104200001	246378	74718.0	0.303265713659
chrX	103300001	104300001	276628	83882.0	0.303230330986
chrX	103400001	104400001	295948	89134.0	0.301181288605
chrX	103500001	104500001	302956	91718.0	0.302743632739
chrX	103600001	104600001	308825	94072.0	0.304612644702
chrX	103700001	104700001	308928	93852.0	0.303798943443
chrX	103800001	104800001	315236	95732.0	0.303683589438
chrX	103900001	104900001	321537	98101.0	0.305100190647
chrX	104000001	105000001	315580	96815.0	0.306784333608
chrX	104100001	105100001	331894	101076.0	0.304543016746
chrX	104200001	105200001	340854	104285.0	0.305952108527
chrX	104300001	105300001	318861	97703.0	0.306412512035
chrX	104400001	105400001	292316	90244.0	0.308720699517
chrX	104500001	105500001	289355	89447.0	0.309125468715
chrX	104600001	105600001	272924	85231.0	0.312288402632
chrX	104700001	105700001	253122	79714.0	0.314923238596
chrX	104800001	105800001	224404	71287.0	0.317672590506
chrX	104900001	105900001	205616	65314.0	0.317650377403
chrX	105000001	106000001	205558	64879.0	0.315623814203
chrX	105100001	106100001	195760	62352.0	0.318512464242
chrX	105200001	106200001	192846	60818.0	0.315370814017
chrX	105300001	106300001	206089	64632.0	0.313612080218
chrX	105400001	106400001	220230	68433.0	0.310734232393
chrX	105500001	106500001	223523	68559.0	0.306720113814
chrX	105600001	106600001	230277	69228.0	0.300629242174
chrX	105700001	106700001	248360	73544.0	0.296118537607
chrX	105800001	106800001	292693	85518.0	0.292176444261
chrX	105900001	106900001	308311	88817.0	0.288076001181
chrX	106000001	107000001	325119	92905.0	0.285756907471
chrX	106100001	107100001	332954	94534.0	0.283925106772
chrX	106200001	107200001	322652	91166.0	0.282552099476
chrX	106300001	107300001	313883	88726.0	0.282672205886
chrX	106400001	107400001	333295	95024.0	0.285104787051
chrX	106500001	107500001	357033	102739.0	0.287757714273
chrX	106600001	107600001	373271	107668.0	0.288444588516
chrX	106700001	107700001	382296	110897.0	0.290081507523
chrX	106800001	107800001	338862	99041.0	0.292275321517
chrX	106900001	107900001	332690	98772.0	0.296888995762
chrX	107000001	108000001	321439	96103.0	0.298977410955
chrX	107100001	108100001	282774	85435.0	0.302131737713
chrX	107200001	108200001	264759	80266.0	0.303166275745
chrX	107300001	108300001	261652	78810.0	0.301201596013
chrX	107400001	108400001	236250	70955.0	0.300338624339
chrX	107500001	108500001	190242	56808.0	0.298609139938
chrX	107600001	108600001	175130	52900.0	0.302061325872
chrX	107700001	108700001	180967	54420.0	0.30071781043
chrX	107800001	108800001	192391	57898.0	0.300939233124
chrX	107900001	108900001	189075	56366.0	0.298114504826
chrX	108000001	109000001	182906	55015.0	0.300782915815
chrX	108100001	109100001	205956	62509.0	0.30350657422
chrX	108200001	109200001	225323	68795.0	0.305317255673
chrX	108300001	109300001	248190	75600.0	0.304605342681
chrX	108400001	109400001	258915	79550.0	0.307243690014
chrX	108500001	109500001	301428	91088.0	0.302188250594
chrX	108600001	109600001	317196	94603.0	0.298247771094
chrX	108700001	109700001	320655	95224.0	0.296967145374
chrX	108800001	109800001	322281	95777.0	0.297184754919
chrX	108900001	109900001	311878	92711.0	0.297266879998
chrX	109000001	110000001	326996	96902.0	0.296340016392
chrX	109100001	110100001	329486	96813.0	0.293830390366
chrX	109200001	110200001	322105	94383.0	0.293019357042
chrX	109300001	110300001	317922	93777.0	0.294968577198
chrX	109400001	110400001	340479	99861.0	0.293295621756
chrX	109500001	110500001	333496	98500.0	0.295355866337
chrX	109600001	110600001	337455	100019.0	0.296392111541
chrX	109700001	110700001	320446	95278.0	0.297329347222
chrX	109800001	110800001	321821	95082.0	0.295449955099
chrX	109900001	110900001	323166	95570.0	0.295730367675
chrX	110000001	111000001	293399	87012.0	0.296565427967
chrX	110100001	111100001	287829	85709.0	0.297777499835
chrX	110200001	111200001	297299	89032.0	0.299469557583
chrX	110300001	111300001	290088	86677.0	0.298795537906
chrX	110400001	111400001	270622	81166.0	0.299923879064
chrX	110500001	111500001	258412	78664.0	0.30441310775
chrX	110600001	111600001	241628	75007.0	0.310423460857
chrX	110700001	111700001	233012	73424.0	0.315108234769
chrX	110800001	111800001	227959	72950.0	0.320013686672
chrX	110900001	111900001	236696	75928.0	0.320782776219
chrX	111000001	112000001	249649	80202.0	0.321259047703
chrX	111100001	112100001	277795	87898.0	0.316413182383
chrX	111200001	112200001	280143	88293.0	0.315171180433
chrX	111300001	112300001	274379	86710.0	0.316022727687
chrX	111400001	112400001	258450	81784.0	0.316440317276
chrX	111500001	112500001	237759	75153.0	0.316088980859
chrX	111600001	112600001	228066	71972.0	0.315575315917
chrX	111700001	112700001	215791	67861.0	0.314475580539
chrX	111800001	112800001	214339	67412.0	0.3145111249
chrX	111900001	112900001	205073	64551.0	0.314770837702
chrX	112000001	113000001	189267	59490.0	0.314317868408
chrX	112100001	113100001	157675	51290.0	0.325289361027
chrX	112200001	113200001	142965	47014.0	0.328849718463
chrX	112300001	113300001	129685	42892.0	0.330739869684
chrX	112400001	113400001	137459	45415.0	0.33038942521
chrX	112500001	113500001	139365	45929.0	0.329559071503
chrX	112600001	113600001	136308	44829.0	0.328880183115
chrX	112700001	113700001	143876	47586.0	0.330743139926
chrX	112800001	113800001	144246	47338.0	0.328175478003
chrX	112900001	113900001	173851	56758.0	0.326474969946
chrX	113000001	114000001	190250	62150.0	0.32667542707
chrX	113100001	114100001	179249	58568.0	0.326741013897
chrX	113200001	114200001	174698	56554.0	0.323724370056
chrX	113300001	114300001	190584	61602.0	0.323227553205
chrX	113400001	114400001	190784	61339.0	0.321510189534
chrX	113500001	114500001	197933	63251.0	0.319557628086
chrX	113600001	114600001	203410	64557.0	0.3173737771
chrX	113700001	114700001	213753	67464.0	0.315616622925
chrX	113800001	114800001	218536	68880.0	0.315188344254
chrX	113900001	114900001	207554	64597.0	0.311229848618
chrX	114000001	115000001	180193	55609.0	0.308607992541
chrX	114100001	115100001	171158	52569.0	0.307137264983
chrX	114200001	115200001	165003	50797.0	0.307855008697
chrX	114300001	115300001	154464	47109.0	0.304983685519
chrX	114400001	115400001	153331	46938.0	0.306122049683
chrX	114500001	115500001	154955	47818.0	0.30859281727
chrX	114600001	115600001	167082	51918.0	0.31073365174
chrX	114700001	115700001	145639	45168.0	0.310136707887
chrX	114800001	115800001	130968	40693.0	0.310709486287
chrX	114900001	115900001	103252	32591.0	0.315645217526
chrX	115000001	116000001	110934	35208.0	0.317377900373
chrX	115100001	116100001	119557	37887.0	0.316894870229
chrX	115200001	116200001	127146	40626.0	0.319522438771
chrX	115300001	116300001	126112	40540.0	0.321460289267
chrX	115400001	116400001	118815	38400.0	0.323191516223
chrX	115500001	116500001	112717	36412.0	0.323039115661
chrX	115600001	116600001	102329	33043.0	0.322909439162
chrX	115700001	116700001	122441	38532.0	0.314698507853
chrX	115800001	116800001	133812	41829.0	0.312595282934
chrX	115900001	116900001	161055	49934.0	0.31004315296
chrX	116000001	117000001	177358	54814.0	0.309058514417
chrX	116100001	117100001	199862	61864.0	0.309533578169
chrX	116200001	117200001	208840	63788.0	0.305439570963
chrX	116300001	117300001	220301	67004.0	0.304147507274
chrX	116400001	117400001	241005	72615.0	0.301300802888
chrX	116500001	117500001	252863	75880.0	0.300083444395
chrX	116600001	117600001	255573	76516.0	0.299389998161
chrX	116700001	117700001	265713	79853.0	0.300523497157
chrX	116800001	117800001	287296	86574.0	0.301340777456
chrX	116900001	117900001	288463	87183.0	0.302232868687
chrX	117000001	118000001	290098	87657.0	0.302163406849
chrX	117100001	118100001	273019	82281.0	0.301374629605
chrX	117200001	118200001	284914	86236.0	0.302673789284
chrX	117300001	118300001	294438	90131.0	0.306111982828
chrX	117400001	118400001	295743	90759.0	0.306884693805
chrX	117500001	118500001	284056	87284.0	0.307277438252
chrX	117600001	118600001	275900	84832.0	0.307473722363
chrX	117700001	118700001	261981	80863.0	0.308659788305
chrX	117800001	118800001	258297	78748.0	0.304873846773
chrX	117900001	118900001	252962	76474.0	0.302314181577
chrX	118000001	119000001	242212	72933.0	0.301112248774
chrX	118100001	119100001	241325	72550.0	0.300631927898
chrX	118200001	119200001	209886	63344.0	0.301801930572
chrX	118300001	119300001	186670	56010.0	0.300048213425
chrX	118400001	119400001	167806	50169.0	0.298970239443
chrX	118500001	119500001	195056	57182.0	0.293156837011
chrX	118600001	119600001	216455	62900.0	0.290591577926
chrX	118700001	119700001	219290	63171.0	0.288070591454
chrX	118800001	119800001	199901	57768.0	0.288983046608
chrX	118900001	119900001	194750	56543.0	0.290336328626
chrX	119000001	120000001	202687	58810.0	0.290151810427
chrX	119100001	120100001	193238	56232.0	0.290998664859
chrX	119200001	120200001	207584	60332.0	0.290638970248
chrX	119300001	120300001	219065	63194.0	0.288471458243
chrX	119400001	120400001	218231	63561.0	0.291255596134
chrX	119500001	120500001	202777	60274.0	0.297242783945
chrX	119600001	120600001	180543	54709.0	0.303024764184
chrX	119700001	120700001	172769	53037.0	0.306982155364
chrX	119800001	120800001	176062	54561.0	0.309896513728
chrX	119900001	120900001	166958	52250.0	0.312952958229
chrX	120000001	121000001	149516	47322.0	0.316501244014
chrX	120100001	121100001	152442	47976.0	0.314716416736
chrX	120200001	121200001	148451	47111.0	0.317350506228
chrX	120300001	121300001	140121	45116.0	0.321978861127
chrX	120400001	121400001	139493	45075.0	0.323134494204
chrX	120500001	121500001	120820	39581.0	0.327603045853
chrX	120600001	121600001	115451	37602.0	0.32569661588
chrX	120700001	121700001	115957	38028.0	0.327949153566
chrX	120800001	121800001	111206	36703.0	0.330045141449
chrX	120900001	121900001	113982	37362.0	0.3277885982
chrX	121000001	122000001	127428	41573.0	0.326246978686
chrX	121100001	122100001	138132	44994.0	0.325731908609
chrX	121200001	122200001	151017	48614.0	0.321910778257
chrX	121300001	122300001	163499	51592.0	0.315549330577
chrX	121400001	122400001	213038	64706.0	0.303729851012
chrX	121500001	122500001	252528	75452.0	0.298786669201
chrX	121600001	122600001	286455	84497.0	0.294974777888
chrX	121700001	122700001	298594	86177.0	0.288609282169
chrX	121800001	122800001	310461	88662.0	0.285581763893
chrX	121900001	122900001	316365	90301.0	0.285432965088
chrX	122000001	123000001	307841	87596.0	0.284549491458
chrX	122100001	123100001	313393	87722.0	0.279910527676
chrX	122200001	123200001	314550	88223.0	0.280473692577
chrX	122300001	123300001	306871	85715.0	0.279319323103
chrX	122400001	123400001	266062	74246.0	0.279055257797
chrX	122500001	123500001	243147	68301.0	0.280904144406
chrX	122600001	123600001	254739	70766.0	0.277798059975
chrX	122700001	123700001	281593	78390.0	0.278380499515
chrX	122800001	123800001	291168	81137.0	0.278660429718
chrX	122900001	123900001	310027	86266.0	0.2782531844
chrX	123000001	124000001	339038	94248.0	0.277986538382
chrX	123100001	124100001	352073	99012.0	0.28122576852
chrX	123200001	124200001	360856	101410.0	0.281026226528
chrX	123300001	124300001	390505	110607.0	0.283240931614
chrX	123400001	124400001	409070	115431.0	0.282179089153
chrX	123500001	124500001	396284	111670.0	0.281792855629
chrX	123600001	124600001	358866	102597.0	0.285892227182
chrX	123700001	124700001	311813	90493.0	0.290215609997
chrX	123800001	124800001	280511	82159.0	0.292890474883
chrX	123900001	124900001	256530	75701.0	0.295096090126
chrX	124000001	125000001	227335	67946.0	0.298880506741
chrX	124100001	125100001	193673	58455.0	0.301823176178
chrX	124200001	125200001	167101	50709.0	0.303463174966
chrX	124300001	125300001	131232	40578.0	0.309208119971
chrX	124400001	125400001	105375	34721.0	0.32949940688
chrX	124500001	125500001	102553	33852.0	0.330092732538
chrX	124600001	125600001	96325	32238.0	0.334679470542
chrX	124700001	125700001	98132	33221.0	0.338533811601
chrX	124800001	125800001	103578	35078.0	0.33866265037
chrX	124900001	125900001	106051	36199.0	0.341335772411
chrX	125000001	126000001	112971	38240.0	0.338493949775
chrX	125100001	126100001	120085	40373.0	0.336203522505
chrX	125200001	126200001	121229	41011.0	0.33829364261
chrX	125300001	126300001	118561	40082.0	0.338070697784
chrX	125400001	126400001	115245	38786.0	0.336552561933
chrX	125500001	126500001	119802	40783.0	0.340420026377
chrX	125600001	126600001	121235	41495.0	0.342269146699
chrX	125700001	126700001	119039	40730.0	0.34215677215
chrX	125800001	126800001	115467	39384.0	0.341084465691
chrX	125900001	126900001	103335	35355.0	0.342139642909
chrX	126000001	127000001	86278	29945.0	0.347075731936
chrX	126100001	127100001	83444	29315.0	0.351313455731
chrX	126200001	127200001	77857	27242.0	0.349897889721
chrX	126300001	127300001	71332	24911.0	0.34922615376
chrX	126400001	127400001	64732	22729.0	0.351124636965
chrX	126500001	127500001	76031	25832.0	0.339756152096
chrX	126600001	127600001	88306	29240.0	0.331121328109
chrX	126700001	127700001	99243	32630.0	0.328788932217
chrX	126800001	127800001	132445	42908.0	0.32396843973
chrX	126900001	127900001	157594	50150.0	0.318222774979
chrX	127000001	128000001	187649	58950.0	0.314150355184
chrX	127100001	128100001	216316	66703.0	0.30835906729
chrX	127200001	128200001	246753	75342.0	0.305333673755
chrX	127300001	128300001	289191	87122.0	0.301261104253
chrX	127400001	128400001	312977	93634.0	0.29917214364
chrX	127500001	128500001	302704	89831.0	0.296761853163
chrX	127600001	128600001	300210	88093.0	0.293437926785
chrX	127700001	128700001	320549	93470.0	0.291593484927
chrX	127800001	128800001	322106	93402.0	0.289972866075
chrX	127900001	128900001	323132	93907.0	0.290614980875
chrX	128000001	129000001	332460	95981.0	0.288699392408
chrX	128100001	129100001	323200	93160.0	0.288242574257
chrX	128200001	129200001	330266	95076.0	0.287877044564
chrX	128300001	129300001	331437	95878.0	0.289279712283
chrX	128400001	129400001	325442	94195.0	0.289437134728
chrX	128500001	129500001	324884	94239.0	0.290069686411
chrX	128600001	129600001	330138	96451.0	0.292153584259
chrX	128700001	129700001	315225	93104.0	0.295357284479
chrX	128800001	129800001	301877	88670.0	0.293728902831
chrX	128900001	129900001	310726	90728.0	0.291987152668
chrX	129000001	130000001	301874	88092.0	0.29181711575
chrX	129100001	130100001	303056	88406.0	0.291715062563
chrX	129200001	130200001	303153	87939.0	0.290081246103
chrX	129300001	130300001	277543	80355.0	0.28952270459
chrX	129400001	130400001	296236	86534.0	0.29211169473
chrX	129500001	130500001	327346	95611.0	0.292079328906
chrX	129600001	130600001	326020	95367.0	0.292518863873
chrX	129700001	130700001	321352	93400.0	0.290647016356
chrX	129800001	130800001	310800	90777.0	0.292075289575
chrX	129900001	130900001	276532	81528.0	0.29482302229
chrX	130000001	131000001	260393	78383.0	0.301018076523
chrX	130100001	131100001	240297	72903.0	0.303387058515
chrX	130200001	131200001	244936	75310.0	0.307468073293
chrX	130300001	131300001	258896	79775.0	0.308135313021
chrX	130400001	131400001	249443	76219.0	0.305556780507
chrX	130500001	131500001	215450	66452.0	0.308433511256
chrX	130600001	131600001	239271	73272.0	0.306230174154
chrX	130700001	131700001	254930	77814.0	0.305236731652
chrX	130800001	131800001	279566	85540.0	0.305974260103
chrX	130900001	131900001	329573	100056.0	0.303592830723
chrX	131000001	132000001	358583	107396.0	0.299501091797
chrX	131100001	132100001	381569	113985.0	0.298727097851
chrX	131200001	132200001	367080	109628.0	0.298648795903
chrX	131300001	132300001	347233	104147.0	0.299934050047
chrX	131400001	132400001	349153	105207.0	0.301320624483
chrX	131500001	132500001	391657	117411.0	0.299780164787
chrX	131600001	132600001	382754	113886.0	0.297543591968
chrX	131700001	132700001	379285	111899.0	0.295026167658
chrX	131800001	132800001	372524	108282.0	0.290671205077
chrX	131900001	132900001	359137	103528.0	0.288268822204
chrX	132000001	133000001	363337	104200.0	0.286786096654
chrX	132100001	133100001	381878	108029.0	0.282888775997
chrX	132200001	133200001	386629	107122.0	0.277066645285
chrX	132300001	133300001	384365	105891.0	0.275495947862
chrX	132400001	133400001	381869	104565.0	0.273824269579
chrX	132500001	133500001	333768	90591.0	0.271419069533
chrX	132600001	133600001	322325	87514.0	0.271508570542
chrX	132700001	133700001	316128	86065.0	0.272247317542
chrX	132800001	133800001	321512	87711.0	0.272807857872
chrX	132900001	133900001	317791	86278.0	0.271492899421
chrX	133000001	134000001	298368	80989.0	0.271439966752
chrX	133100001	134100001	273161	75056.0	0.274768360051
chrX	133200001	134200001	243044	68953.0	0.283705831043
chrX	133300001	134300001	242376	69729.0	0.287689375186
chrX	133400001	134400001	223819	66056.0	0.295131333801
chrX	133500001	134500001	232713	68953.0	0.296300593435
chrX	133600001	134600001	211091	63656.0	0.301557148339
chrX	133700001	134700001	209026	63392.0	0.303273277009
chrX	133800001	134800001	178435	55423.0	0.310606103063
chrX	133900001	134900001	150199	48835.0	0.325135320475
chrX	134000001	135000001	129027	43884.0	0.340114859681
chrX	134100001	135100001	132950	45600.0	0.342986084994
chrX	134200001	135200001	150080	49629.0	0.330683635394
chrX	134300001	135300001	185471	59091.0	0.318599673264
chrX	134400001	135400001	205962	64440.0	0.312873248463
chrX	134500001	135500001	223251	69131.0	0.30965594779
chrX	134600001	135600001	253295	78069.0	0.308213742869
chrX	134700001	135700001	255025	79059.0	0.31000490148
chrX	134800001	135800001	289176	89162.0	0.308331258472
chrX	134900001	135900001	305678	92810.0	0.303620149307
chrX	135000001	136000001	305101	91407.0	0.299595871531
chrX	135100001	136100001	287480	85987.0	0.299106024767
chrX	135200001	136200001	297582	89404.0	0.300434838129
chrX	135300001	136300001	271591	81968.0	0.301806760902
chrX	135400001	136400001	275352	81742.0	0.29686365089
chrX	135500001	136500001	272849	81139.0	0.297376937427
chrX	135600001	136600001	265551	77886.0	0.293299592169
chrX	135700001	136700001	281715	80814.0	0.286864384218
chrX	135800001	136800001	259822	73778.0	0.283955939066
chrX	135900001	136900001	257612	73033.0	0.283499992236
chrX	136000001	137000001	283810	80584.0	0.283936436348
chrX	136100001	137100001	308414	87382.0	0.283326956623
chrX	136200001	137200001	288945	81901.0	0.283448407136
chrX	136300001	137300001	290681	82837.0	0.284975626202
chrX	136400001	137400001	283942	82104.0	0.289157644871
chrX	136500001	137500001	277073	80329.0	0.289919984986
chrX	136600001	137600001	264280	77603.0	0.293639321931
chrX	136700001	137700001	239011	71703.0	0.299998744828
chrX	136800001	137800001	262624	79100.0	0.301191056415
chrX	136900001	137900001	269422	81902.0	0.303991507746
chrX	137000001	138000001	277139	85813.0	0.309638845489
chrX	137100001	138100001	266644	84070.0	0.31528929959
chrX	137200001	138200001	279667	88345.0	0.315893544823
chrX	137300001	138300001	294715	92578.0	0.314127207641
chrX	137400001	138400001	289233	90674.0	0.313498113977
chrX	137500001	138500001	277516	87050.0	0.313675607893
chrX	137600001	138600001	282253	88089.0	0.312092342685
chrX	137700001	138700001	303327	94215.0	0.310605386266
chrX	137800001	138800001	276551	86649.0	0.313320147098
chrX	137900001	138900001	283059	87544.0	0.309278277674
chrX	138000001	139000001	264939	81360.0	0.307089556464
chrX	138100001	139100001	256933	77869.0	0.303071228686
chrX	138200001	139200001	255419	75778.0	0.296681139618
chrX	138300001	139300001	243927	71814.0	0.294407753139
chrX	138400001	139400001	231321	67156.0	0.290315189715
chrX	138500001	139500001	236140	68185.0	0.28874820022
chrX	138600001	139600001	251796	72128.0	0.286454113648
chrX	138700001	139700001	238516	67695.0	0.283817437824
chrX	138800001	139800001	239886	67996.0	0.283451306037
chrX	138900001	139900001	235260	68455.0	0.290975941512
chrX	139000001	140000001	233931	67988.0	0.290632707935
chrX	139100001	140100001	240680	70371.0	0.292384078444
chrX	139200001	140200001	228337	68175.0	0.298571847751
chrX	139300001	140300001	220946	66889.0	0.302739130828
chrX	139400001	140400001	223149	68353.0	0.30631102985
chrX	139500001	140500001	223205	68876.0	0.308577316816
chrX	139600001	140600001	204750	64010.0	0.312625152625
chrX	139700001	140700001	193795	61473.0	0.317206326273
chrX	139800001	140800001	184867	58947.0	0.318861668118
chrX	139900001	140900001	168177	53343.0	0.317183681478
chrX	140000001	141000001	154763	50042.0	0.323346019397
chrX	140100001	141100001	142684	46651.0	0.32695326736
chrX	140200001	141200001	147442	48490.0	0.328875083084
chrX	140300001	141300001	142121	47463.0	0.3339619057
chrX	140400001	141400001	142557	48048.0	0.337044129717
chrX	140500001	141500001	140491	48158.0	0.3427835235
chrX	140600001	141600001	138162	48380.0	0.350168642608
chrX	140700001	141700001	146018	51337.0	0.351579942199
chrX	140800001	141800001	149820	53029.0	0.353951408357
chrX	140900001	141900001	139026	49593.0	0.356717448535
chrX	141000001	142000001	143651	50670.0	0.352729880057
chrX	141100001	142100001	150816	53103.0	0.352104551241
chrX	141200001	142200001	148601	52291.0	0.351888614478
chrX	141300001	142300001	149820	52234.0	0.348645040716
chrX	141400001	142400001	154657	53936.0	0.348745934552
chrX	141500001	142500001	169201	58578.0	0.346203627638
chrX	141600001	142600001	172035	58920.0	0.342488447118
chrX	141700001	142700001	163656	56190.0	0.343342132277
chrX	141800001	142800001	179271	59922.0	0.334253727597
chrX	141900001	142900001	190060	63702.0	0.335167841734
chrX	142000001	143000001	184383	61904.0	0.335735940949
chrX	142100001	143100001	178333	60120.0	0.337122125462
chrX	142200001	143200001	174165	58689.0	0.336973559556
chrX	142300001	143300001	169742	57237.0	0.337199985861
chrX	142400001	143400001	160174	53710.0	0.335322836415
chrX	142500001	143500001	144046	48258.0	0.335017980367
chrX	142600001	143600001	129152	43613.0	0.337687376115
chrX	142700001	143700001	125308	42161.0	0.33645896511
chrX	142800001	143800001	106686	37496.0	0.35146129764
chrX	142900001	143900001	95414	33571.0	0.351845641101
chrX	143000001	144000001	89312	31384.0	0.351397348621
chrX	143100001	144100001	85623	29942.0	0.349695759317
chrX	143200001	144200001	81855	28619.0	0.349630444078
chrX	143300001	144300001	90049	31513.0	0.34995391398
chrX	143400001	144400001	88792	31310.0	0.352621857825
chrX	143500001	144500001	91921	32008.0	0.348212051653
chrX	143600001	144600001	99004	34245.0	0.345895115349
chrX	143700001	144700001	106582	36500.0	0.342459327091
chrX	143800001	144800001	109355	36423.0	0.33307119016
chrX	143900001	144900001	130421	42478.0	0.325699082203
chrX	144000001	145000001	160368	51121.0	0.318773071935
chrX	144100001	145100001	153646	48956.0	0.318628535725
chrX	144200001	145200001	151014	47972.0	0.31766591177
chrX	144300001	145300001	157111	49675.0	0.316177734213
chrX	144400001	145400001	165946	52239.0	0.314795174334
chrX	144500001	145500001	174002	54956.0	0.315835450167
chrX	144600001	145600001	175568	55239.0	0.314630228743
chrX	144700001	145700001	168769	53070.0	0.314453483756
chrX	144800001	145800001	158245	50383.0	0.318386046953
chrX	144900001	145900001	142961	46080.0	0.322325669238
chrX	145000001	146000001	125615	41615.0	0.33129005294
chrX	145100001	146100001	134072	44568.0	0.332418402053
chrX	145200001	146200001	130062	43363.0	0.333402531101
chrX	145300001	146300001	108817	36171.0	0.332402106289
chrX	145400001	146400001	98060	33133.0	0.337884968387
chrX	145500001	146500001	87620	29819.0	0.340321844328
chrX	145600001	146600001	87055	29552.0	0.339463557521
chrX	145700001	146700001	99231	33471.0	0.337303866735
chrX	145800001	146800001	104015	34876.0	0.335297793587
chrX	145900001	146900001	121254	40484.0	0.333877645274
chrX	146000001	147000001	122668	40517.0	0.330298040239
chrX	146100001	147100001	142474	44895.0	0.315110125356
chrX	146200001	147200001	154643	48551.0	0.313955368171
chrX	146300001	147300001	180353	56162.0	0.311400420287
chrX	146400001	147400001	199470	61568.0	0.30865794355
chrX	146500001	147500001	205903	63068.0	0.306299568243
chrX	146600001	147600001	229807	70071.0	0.304912383
chrX	146700001	147700001	261900	78649.0	0.300301641848
chrX	146800001	147800001	299508	89711.0	0.29952789241
chrX	146900001	147900001	317575	94166.0	0.296515783673
chrX	147000001	148000001	354753	105462.0	0.297282898242
chrX	147100001	148100001	383381	114308.0	0.298157707346
chrX	147200001	148200001	386296	115186.0	0.298180669745
chrX	147300001	148300001	377934	112505.0	0.297684251748
chrX	147400001	148400001	382914	113712.0	0.296964853727
chrX	147500001	148500001	375592	111698.0	0.297391850732
chrX	147600001	148600001	361507	108041.0	0.298862815934
chrX	147700001	148700001	322099	97976.0	0.304179770816
chrX	147800001	148800001	279756	85363.0	0.305133759419
chrX	147900001	148900001	239093	73707.0	0.308277532174
chrX	148000001	149000001	186024	57561.0	0.309427815766
chrX	148100001	149100001	129533	41545.0	0.32072908062
chrX	148200001	149200001	138674	44422.0	0.320334020797
chrX	148300001	149300001	141777	45676.0	0.322167911579
chrX	148400001	149400001	146655	48298.0	0.329330742218
chrX	148500001	149500001	169081	55548.0	0.328528929921
chrX	148600001	149600001	178233	57893.0	0.324816392026
chrX	148700001	149700001	194655	62347.0	0.320294880686
chrX	148800001	149800001	221773	71112.0	0.320652198419
chrX	148900001	149900001	248015	78491.0	0.316476825998
chrX	149000001	150000001	270863	86458.0	0.319194574379
chrX	149100001	150100001	284907	90776.0	0.318616250215
chrX	149200001	150200001	274774	87561.0	0.318665521483
chrX	149300001	150300001	260061	83235.0	0.320059524496
chrX	149400001	150400001	237291	75745.0	0.319207218141
chrX	149500001	150500001	221270	70216.0	0.31733176662
chrX	149600001	150600001	211361	67454.0	0.319141184987
chrX	149700001	150700001	187177	59280.0	0.316705578143
chrX	149800001	150800001	160466	50678.0	0.315817681004
chrX	149900001	150900001	153316	49436.0	0.322445145973
chrX	150000001	151000001	162629	52146.0	0.320643919596
chrX	150100001	151100001	156032	50486.0	0.32356183347
chrX	150200001	151200001	162242	52616.0	0.324305666843
chrX	150300001	151300001	162199	53048.0	0.327055037331
chrX	150400001	151400001	169601	55413.0	0.326725667891
chrX	150500001	151500001	163665	54037.0	0.330168331653
chrX	150600001	151600001	156173	51819.0	0.33180511356
chrX	150700001	151700001	156734	52135.0	0.332633634055
chrX	150800001	151800001	165978	54759.0	0.329917217945
chrX	150900001	151900001	159732	52849.0	0.330860441239
chrX	151000001	152000001	138516	45969.0	0.331867798666
chrX	151100001	152100001	155861	51331.0	0.329338320683
chrX	151200001	152200001	145283	48299.0	0.332447705513
chrX	151300001	152300001	145399	48197.0	0.331480959291
chrX	151400001	152400001	135161	45522.0	0.336798336798
chrX	151500001	152500001	124133	41786.0	0.336622815851
chrX	151600001	152600001	124905	42998.0	0.344245626676
chrX	151700001	152700001	143600	49424.0	0.344178272981
chrX	151800001	152800001	172491	60406.0	0.350197981344
chrX	151900001	152900001	195799	69367.0	0.354276579554
chrX	152000001	153000001	224872	79100.0	0.351755665445
chrX	152100001	153100001	230880	81921.0	0.354820686071
chrX	152200001	153200001	248826	88161.0	0.354307829568
chrX	152300001	153300001	278512	97269.0	0.349245274889
chrX	152400001	153400001	282967	97240.0	0.343644311881
chrX	152500001	153500001	306951	105616.0	0.344080977094
chrX	152600001	153600001	314963	107519.0	0.341370256189
chrX	152700001	153700001	322318	110419.0	0.342577826867
chrX	152800001	153800001	301294	102728.0	0.340956009745
chrX	152900001	153900001	273940	92541.0	0.337814849967
chrX	153000001	154000001	253485	85029.0	0.335439966862
chrX	153100001	154100001	234839	77719.0	0.330945882072
chrX	153200001	154200001	211796	69374.0	0.32755103968
chrX	153300001	154300001	190757	62160.0	0.325859601483
chrX	153400001	154400001	189838	62390.0	0.328648637259
chrX	153500001	154500001	181113	58383.0	0.322356760696
chrX	153600001	154600001	157618	50475.0	0.320236267431
chrX	153700001	154700001	123810	38769.0	0.313133026411
chrX	153800001	154800001	99715	30524.0	0.306112420398
chrX	153900001	154900001	85875	25706.0	0.299342066958
chrX	154000001	155000001	75426	21924.0	0.29066900008
chrX	154100001	155100001	70331	19672.0	0.279705961809
chrX	154200001	155200001	71168	19860.0	0.279058003597
