chrX	1	1000001	130601	15850.0	0.121362011011
chrX	100001	1100001	137421	16542.0	0.120374615233
chrX	200001	1200001	147662	17744.0	0.120166325798
chrX	300001	1300001	159189	19169.0	0.120416611701
chrX	400001	1400001	168760	20214.0	0.119779568618
chrX	500001	1500001	167856	19929.0	0.118726765799
chrX	600001	1600001	162880	19131.0	0.11745456778
chrX	700001	1700001	162959	18704.0	0.114777336631
chrX	800001	1800001	160090	18039.0	0.112680367293
chrX	900001	1900001	160273	17621.0	0.109943658632
chrX	1000001	2000001	158039	17061.0	0.107954365695
chrX	1100001	2100001	164142	17725.0	0.10798576842
chrX	1200001	2200001	171741	18120.0	0.105507712195
chrX	1300001	2300001	191470	19571.0	0.102214446127
chrX	1400001	2400001	208042	21040.0	0.101133424981
chrX	1500001	2500001	233121	22248.0	0.0954354176586
chrX	1600001	2600001	251007	22497.0	0.0896269825144
chrX	1700001	2700001	271515	23051.0	0.084897703626
chrX	1800001	2800001	294485	23651.0	0.0803130889519
chrX	1900001	2900001	306440	23765.0	0.0775518861767
chrX	2000001	3000001	314709	23208.0	0.0737443161778
chrX	2100001	3100001	341212	23957.0	0.070211481425
chrX	2200001	3200001	370899	25017.0	0.0674496291443
chrX	2300001	3300001	384014	24684.0	0.0642789064982
chrX	2400001	3400001	404988	24748.0	0.0611079834464
chrX	2500001	3500001	411086	24420.0	0.0594036284378
chrX	2600001	3600001	415837	24311.0	0.0584628111496
chrX	2700001	3700001	408745	23401.0	0.0572508532214
chrX	2800001	3800001	401166	23271.0	0.058008405498
chrX	2900001	3900001	401549	23086.0	0.0574923608327
chrX	3000001	4000001	419264	23758.0	0.0566659670279
chrX	3100001	4100001	419643	23762.0	0.0566243211492
chrX	3200001	4200001	412948	23350.0	0.0565446496895
chrX	3300001	4300001	410452	23197.0	0.0565157436192
chrX	3400001	4400001	414801	23545.0	0.0567621582397
chrX	3500001	4500001	411035	23354.0	0.0568175459511
chrX	3600001	4600001	410881	23206.0	0.0564786398008
chrX	3700001	4700001	418398	23545.0	0.0562741695706
chrX	3800001	4800001	426002	23515.0	0.0551992713649
chrX	3900001	4900001	441433	24565.0	0.0556483090299
chrX	4000001	5000001	448227	25378.0	0.0566186329695
chrX	4100001	5100001	454821	25964.0	0.057086194349
chrX	4200001	5200001	465752	26772.0	0.0574812346485
chrX	4300001	5300001	466916	26911.0	0.0576356346752
chrX	4400001	5400001	457976	26360.0	0.0575576012717
chrX	4500001	5500001	462922	26778.0	0.0578455981785
chrX	4600001	5600001	465604	26873.0	0.057716428553
chrX	4700001	5700001	472967	27157.0	0.057418382255
chrX	4800001	5800001	482839	27622.0	0.0572074749554
chrX	4900001	5900001	499059	28171.0	0.0564482355794
chrX	5000001	6000001	497973	27755.0	0.0557359535557
chrX	5100001	6100001	508671	28190.0	0.0554189250026
chrX	5200001	6200001	514748	28168.0	0.0547219221833
chrX	5300001	6300001	515022	27974.0	0.0543161263014
chrX	5400001	6400001	524806	28431.0	0.0541743044096
chrX	5500001	6500001	525208	28291.0	0.0538662777414
chrX	5600001	6600001	525153	28111.0	0.0535291619776
chrX	5700001	6700001	525039	28108.0	0.0535350707281
chrX	5800001	6800001	522678	27793.0	0.0531742296404
chrX	5900001	6900001	501831	26599.0	0.0530038997192
chrX	6000001	7000001	503261	26397.0	0.0524519086518
chrX	6100001	7100001	506728	26390.0	0.0520792219889
chrX	6200001	7200001	500127	25878.0	0.0517428573142
chrX	6300001	7300001	511973	26173.0	0.0511218365031
chrX	6400001	7400001	519006	26197.0	0.0504753316917
chrX	6500001	7500001	523417	26073.0	0.049813055365
chrX	6600001	7600001	527782	26129.0	0.0495071828899
chrX	6700001	7700001	500538	24592.0	0.0491311348988
chrX	6800001	7800001	507522	24825.0	0.0489141357419
chrX	6900001	7900001	526140	25725.0	0.0488938305394
chrX	7000001	8000001	525384	25748.0	0.0490079636989
chrX	7100001	8100001	519564	25321.0	0.0487350932705
chrX	7200001	8200001	521111	25348.0	0.0486422278555
chrX	7300001	8300001	521508	25380.0	0.0486665592858
chrX	7400001	8400001	519339	25275.0	0.04866763328
chrX	7500001	8500001	522922	25736.0	0.0492157530186
chrX	7600001	8600001	529114	26003.0	0.0491444187831
chrX	7700001	8700001	567132	27701.0	0.0488440080969
chrX	7800001	8800001	562238	27729.0	0.049318971681
chrX	7900001	8900001	558152	27245.0	0.0488128681793
chrX	8000001	9000001	543601	26676.0	0.0490727574085
chrX	8100001	9100001	541520	26551.0	0.0490305067218
chrX	8200001	9200001	542106	26516.0	0.0489129432251
chrX	8300001	9300001	543156	26648.0	0.0490614114545
chrX	8400001	9400001	526604	26059.0	0.0494850020129
chrX	8500001	9500001	521786	25692.0	0.0492385767345
chrX	8600001	9600001	526016	26186.0	0.049781755688
chrX	8700001	9700001	525839	26766.0	0.0509015116794
chrX	8800001	9800001	520180	26258.0	0.0504786804568
chrX	8900001	9900001	521301	26614.0	0.0510530384557
chrX	9000001	10000001	523202	26634.0	0.0509057687088
chrX	9100001	10100001	535727	27370.0	0.0510894541436
chrX	9200001	10200001	529473	27122.0	0.051224519475
chrX	9300001	10300001	523408	26545.0	0.0507156940666
chrX	9400001	10400001	537426	26684.0	0.0496514869024
chrX	9500001	10500001	550640	26675.0	0.0484436292314
chrX	9600001	10600001	553359	26022.0	0.0470255295387
chrX	9700001	10700001	544382	24688.0	0.045350507548
chrX	9800001	10800001	528443	23716.0	0.0448790124952
chrX	9900001	10900001	522549	22883.0	0.043791108585
chrX	10000001	11000001	531398	22935.0	0.0431597409098
chrX	10100001	11100001	509669	21584.0	0.0423490539939
chrX	10200001	11200001	522467	21947.0	0.0420064807921
chrX	10300001	11300001	530601	22631.0	0.0426516346558
chrX	10400001	11400001	538710	23190.0	0.0430472796124
chrX	10500001	11500001	536448	23542.0	0.043884961823
chrX	10600001	11600001	518507	23205.0	0.0447534941669
chrX	10700001	11700001	521184	23621.0	0.0453218057346
chrX	10800001	11800001	544647	24854.0	0.0456332266587
chrX	10900001	11900001	539279	24889.0	0.0461523626917
chrX	11000001	12000001	532974	24671.0	0.0462893124242
chrX	11100001	12100001	539000	24875.0	0.0461502782931
chrX	11200001	12200001	527828	24454.0	0.0463294861205
chrX	11300001	12300001	525880	24190.0	0.0459990872442
chrX	11400001	12400001	531540	24394.0	0.0458930654325
chrX	11500001	12500001	530839	24292.0	0.0457615209131
chrX	11600001	12600001	532008	24272.0	0.0456233740846
chrX	11700001	12700001	528348	24038.0	0.045496528803
chrX	11800001	12800001	525176	23699.0	0.0451258244855
chrX	11900001	12900001	517681	23357.0	0.0451185189335
chrX	12000001	13000001	517997	23456.0	0.0452821155335
chrX	12100001	13100001	529892	24011.0	0.0453130071788
chrX	12200001	13200001	531345	23937.0	0.045049826384
chrX	12300001	13300001	523309	23515.0	0.0449352103633
chrX	12400001	13400001	512694	23630.0	0.046089870371
chrX	12500001	13500001	500558	23094.0	0.046136511653
chrX	12600001	13600001	499992	23090.0	0.0461807388918
chrX	12700001	13700001	497122	22875.0	0.046014861543
chrX	12800001	13800001	505169	23340.0	0.0462023600023
chrX	12900001	13900001	523138	24124.0	0.0461140272739
chrX	13000001	14000001	525804	24107.0	0.0458478824809
chrX	13100001	14100001	510328	23515.0	0.0460782085247
chrX	13200001	14200001	503295	23499.0	0.0466903108515
chrX	13300001	14300001	492521	23098.0	0.0468974926957
chrX	13400001	14400001	473382	21736.0	0.045916405778
chrX	13500001	14500001	474035	21807.0	0.0460029322729
chrX	13600001	14600001	478628	21812.0	0.045571926423
chrX	13700001	14700001	483263	22044.0	0.0456149136185
chrX	13800001	14800001	462350	21007.0	0.0454352763058
chrX	13900001	14900001	446407	20279.0	0.0454271550401
chrX	14000001	15000001	444226	20222.0	0.0455218740011
chrX	14100001	15100001	437399	19777.0	0.0452150096365
chrX	14200001	15200001	438503	19775.0	0.045096612794
chrX	14300001	15300001	448017	20200.0	0.0450875748018
chrX	14400001	15400001	464940	20873.0	0.0448939648127
chrX	14500001	15500001	472992	21154.0	0.0447238008254
chrX	14600001	15600001	477755	21482.0	0.0449644692363
chrX	14700001	15700001	484883	21897.0	0.0451593477189
chrX	14800001	15800001	495122	22574.0	0.0455928033899
chrX	14900001	15900001	506127	22924.0	0.0452929798252
chrX	15000001	16000001	501799	22766.0	0.04536876319
chrX	15100001	16100001	502171	22754.0	0.0453112585155
chrX	15200001	16200001	507918	22873.0	0.0450328596348
chrX	15300001	16300001	496292	22257.0	0.044846582254
chrX	15400001	16400001	474253	21253.0	0.0448136332295
chrX	15500001	16500001	465747	20940.0	0.0449600319487
chrX	15600001	16600001	442754	19913.0	0.0449753136053
chrX	15700001	16700001	425966	19111.0	0.0448650831287
chrX	15800001	16800001	410912	18301.0	0.0445375165486
chrX	15900001	16900001	407654	18281.0	0.0448444023608
chrX	16000001	17000001	398884	17849.0	0.0447473450928
chrX	16100001	17100001	416014	18590.0	0.0446859961444
chrX	16200001	17200001	413511	18283.0	0.0442140596018
chrX	16300001	17300001	413020	18174.0	0.0440027117331
chrX	16400001	17400001	416946	18337.0	0.0439793162664
chrX	16500001	17500001	429492	18761.0	0.0436818380785
chrX	16600001	17600001	450168	19512.0	0.0433438183078
chrX	16700001	17700001	474736	20308.0	0.0427774594722
chrX	16800001	17800001	499456	21234.0	0.04251425551
chrX	16900001	17900001	507736	21546.0	0.0424354388895
chrX	17000001	18000001	516611	22113.0	0.0428039666209
chrX	17100001	18100001	516494	22426.0	0.0434196718645
chrX	17200001	18200001	508489	22348.0	0.0439498199568
chrX	17300001	18300001	509804	22558.0	0.0442483778079
chrX	17400001	18400001	509143	22499.0	0.0441899427076
chrX	17500001	18500001	485726	21571.0	0.0444098112928
chrX	17600001	18600001	475237	21134.0	0.0444704431684
chrX	17700001	18700001	466659	20975.0	0.0449471669892
chrX	17800001	18800001	448685	20393.0	0.0454505945151
chrX	17900001	18900001	417429	19172.0	0.0459287687247
chrX	18000001	19000001	427682	19905.0	0.0465415893117
chrX	18100001	19100001	422929	19365.0	0.0457878272712
chrX	18200001	19200001	425114	19428.0	0.0457006826404
chrX	18300001	19300001	430254	19651.0	0.0456730210527
chrX	18400001	19400001	439240	20391.0	0.046423367635
chrX	18500001	19500001	440189	20776.0	0.0471979081713
chrX	18600001	19600001	447032	21387.0	0.047842212638
chrX	18700001	19700001	449724	21571.0	0.047964974073
chrX	18800001	19800001	470496	22433.0	0.0476794701762
chrX	18900001	19900001	491757	23234.0	0.0472469126011
chrX	19000001	20000001	482834	22377.0	0.0463451206833
chrX	19100001	20100001	480022	22427.0	0.0467207752978
chrX	19200001	20200001	489036	22735.0	0.0464894200018
chrX	19300001	20300001	493320	22604.0	0.0458201573015
chrX	19400001	20400001	490833	22188.0	0.0452047845194
chrX	19500001	20500001	500741	22080.0	0.0440946517261
chrX	19600001	20600001	491843	21435.0	0.0435809801095
chrX	19700001	20700001	472040	20604.0	0.0436488433184
chrX	19800001	20800001	436341	18994.0	0.0435301747945
chrX	19900001	20900001	424751	18548.0	0.043667937215
chrX	20000001	21000001	423555	18589.0	0.0438880428752
chrX	20100001	21100001	397212	17399.0	0.0438028055547
chrX	20200001	21200001	386311	17050.0	0.0441354245673
chrX	20300001	21300001	364584	16361.0	0.0448758036557
chrX	20400001	21400001	348931	15669.0	0.044905726347
chrX	20500001	21500001	357601	16307.0	0.0456011029052
chrX	20600001	21600001	374287	17030.0	0.0454998437028
chrX	20700001	21700001	394591	17569.0	0.0445245836829
chrX	20800001	21800001	428773	18860.0	0.0439859785947
chrX	20900001	21900001	438331	19126.0	0.0436336923467
chrX	21000001	22000001	438669	19213.0	0.0437983992486
chrX	21100001	22100001	466056	20535.0	0.0440612286935
chrX	21200001	22200001	476105	21056.0	0.0442255384842
chrX	21300001	22300001	497724	22115.0	0.0444322556276
chrX	21400001	22400001	520586	23525.0	0.0451894595706
chrX	21500001	22500001	506640	23180.0	0.0457524080215
chrX	21600001	22600001	495180	23257.0	0.0469667595622
chrX	21700001	22700001	479800	23463.0	0.0489016256774
chrX	21800001	22800001	467416	23726.0	0.0507599226385
chrX	21900001	22900001	456547	23937.0	0.0524305274156
chrX	22000001	23000001	465842	24806.0	0.0532498143147
chrX	22100001	23100001	450421	24246.0	0.0538296393818
chrX	22200001	23200001	445131	24269.0	0.054521028641
chrX	22300001	23300001	441862	24402.0	0.0552253871118
chrX	22400001	23400001	449117	24566.0	0.0546984416088
chrX	22500001	23500001	444265	24240.0	0.0545620294194
chrX	22600001	23600001	425279	22918.0	0.0538893291228
chrX	22700001	23700001	427206	22623.0	0.0529557169141
chrX	22800001	23800001	413167	21580.0	0.0522306960624
chrX	22900001	23900001	416733	21196.0	0.0508623027214
chrX	23000001	24000001	396343	19685.0	0.0496665766773
chrX	23100001	24100001	401326	19641.0	0.0489402630281
chrX	23200001	24200001	379755	18224.0	0.0479888349067
chrX	23300001	24300001	369566	17346.0	0.0469361358999
chrX	23400001	24400001	350194	16375.0	0.0467597959988
chrX	23500001	24500001	352511	16213.0	0.045992891002
chrX	23600001	24600001	380531	17445.0	0.0458438340109
chrX	23700001	24700001	374344	16960.0	0.0453059218259
chrX	23800001	24800001	391766	17430.0	0.0444908440242
chrX	23900001	24900001	420521	18309.0	0.0435388482383
chrX	24000001	25000001	447712	19227.0	0.042945018226
chrX	24100001	25100001	470020	19934.0	0.0424109612357
chrX	24200001	25200001	486187	20525.0	0.0422162665806
chrX	24300001	25300001	502786	21085.0	0.041936330765
chrX	24400001	25400001	493407	20557.0	0.0416633732395
chrX	24500001	25500001	498192	20794.0	0.0417389279635
chrX	24600001	25600001	488799	20430.0	0.0417963211872
chrX	24700001	25700001	485311	20428.0	0.0420925962939
chrX	24800001	25800001	476303	20339.0	0.0427018095624
chrX	24900001	25900001	449581	19562.0	0.0435116252689
chrX	25000001	26000001	423002	18808.0	0.0444631467464
chrX	25100001	26100001	400197	18255.0	0.0456150345955
chrX	25200001	26200001	407953	19071.0	0.0467480322488
chrX	25300001	26300001	404494	19537.0	0.0482998511721
chrX	25400001	26400001	404897	19529.0	0.0482320195013
chrX	25500001	26500001	411765	19865.0	0.0482435369689
chrX	25600001	26600001	407224	19617.0	0.0481725045675
chrX	25700001	26700001	404158	19379.0	0.0479490694233
chrX	25800001	26800001	397067	18971.0	0.0477778309454
chrX	25900001	26900001	387573	18577.0	0.0479316154634
chrX	26000001	27000001	394299	18893.0	0.0479154144444
chrX	26100001	27100001	386824	18694.0	0.0483268876802
chrX	26200001	27200001	389236	18744.0	0.0481558745851
chrX	26300001	27300001	387381	18498.0	0.0477514385063
chrX	26400001	27400001	383276	18543.0	0.0483802794853
chrX	26500001	27500001	376197	18445.0	0.0490301623883
chrX	26600001	27600001	369212	18264.0	0.0494675145987
chrX	26700001	27700001	374686	18497.0	0.0493666696914
chrX	26800001	27800001	377851	18586.0	0.0491887013664
chrX	26900001	27900001	395435	19495.0	0.0493001378229
chrX	27000001	28000001	410069	20203.0	0.0492673184269
chrX	27100001	28100001	423993	20560.0	0.0484913666028
chrX	27200001	28200001	413985	19846.0	0.0479389349856
chrX	27300001	28300001	404913	19197.0	0.04741018441
chrX	27400001	28400001	417163	19445.0	0.0466124752195
chrX	27500001	28500001	406305	18795.0	0.0462583527153
chrX	27600001	28600001	415542	19018.0	0.0457667335672
chrX	27700001	28700001	438462	19842.0	0.0452536365751
chrX	27800001	28800001	450635	20605.0	0.045724366727
chrX	27900001	28900001	458790	21224.0	0.0462608164956
chrX	28000001	29000001	456759	21611.0	0.0473137912991
chrX	28100001	29100001	473517	23391.0	0.0493984376485
chrX	28200001	29200001	482197	24751.0	0.0513296432786
chrX	28300001	29300001	504579	26755.0	0.0530244025217
chrX	28400001	29400001	510430	27702.0	0.0542718884078
chrX	28500001	29500001	531511	29110.0	0.0547683867314
chrX	28600001	29600001	535366	29717.0	0.0555078208179
chrX	28700001	29700001	515433	29298.0	0.0568415293549
chrX	28800001	29800001	525785	29905.0	0.0568768603136
chrX	28900001	29900001	527563	29875.0	0.0566283078988
chrX	29000001	30000001	541026	29870.0	0.0552099159745
chrX	29100001	30100001	514444	27799.0	0.0540369797296
chrX	29200001	30200001	504208	26529.0	0.0526151905563
chrX	29300001	30300001	504961	25761.0	0.0510158210238
chrX	29400001	30400001	500604	25150.0	0.0502393109124
chrX	29500001	30500001	496005	24736.0	0.0498704650155
chrX	29600001	30600001	485140	24022.0	0.0495156037432
chrX	29700001	30700001	480289	23561.0	0.0490558809384
chrX	29800001	30800001	464321	22361.0	0.0481584938006
chrX	29900001	30900001	445243	21007.0	0.0471809775785
chrX	30000001	31000001	421108	19879.0	0.0472064173561
chrX	30100001	31100001	427063	20044.0	0.0469345272243
chrX	30200001	31200001	449526	20855.0	0.0463933120665
chrX	30300001	31300001	451059	20798.0	0.0461092673021
chrX	30400001	31400001	470157	21697.0	0.0461484142531
chrX	30500001	31500001	474000	21722.0	0.0458270042194
chrX	30600001	31600001	491173	22429.0	0.0456641549922
chrX	30700001	31700001	512231	23470.0	0.0458191714285
chrX	30800001	31800001	519499	24161.0	0.0465082704683
chrX	30900001	31900001	527869	25034.0	0.0474246451298
chrX	31000001	32000001	538499	26061.0	0.0483956330467
chrX	31100001	32100001	561266	27803.0	0.0495362270296
chrX	31200001	32200001	562240	28637.0	0.0509337649402
chrX	31300001	32300001	553501	28847.0	0.0521173403481
chrX	31400001	32400001	560707	30099.0	0.0536804427268
chrX	31500001	32500001	562158	31250.0	0.0555893538827
chrX	31600001	32600001	564417	32326.0	0.057273257184
chrX	31700001	32700001	553084	32984.0	0.0596365109097
chrX	31800001	32800001	552547	33937.0	0.0614192095876
chrX	31900001	32900001	552731	34708.0	0.0627936555033
chrX	32000001	33000001	557263	35093.0	0.0629738561505
chrX	32100001	33100001	547858	34369.0	0.062733409022
chrX	32200001	33200001	543438	33807.0	0.0622094884789
chrX	32300001	33300001	541227	33431.0	0.0617689065771
chrX	32400001	33400001	520449	31616.0	0.0607475468298
chrX	32500001	33500001	497049	29616.0	0.0595836627777
chrX	32600001	33600001	459264	27068.0	0.0589377787068
chrX	32700001	33700001	449835	25672.0	0.0570698144875
chrX	32800001	33800001	432434	23713.0	0.0548361137191
chrX	32900001	33900001	414797	22072.0	0.0532115709612
chrX	33000001	34000001	387935	20342.0	0.0524366195368
chrX	33100001	34100001	367684	19247.0	0.0523465802156
chrX	33200001	34200001	339797	17930.0	0.0527667990006
chrX	33300001	34300001	329968	17266.0	0.0523262861853
chrX	33400001	34400001	330351	17383.0	0.0526197892545
chrX	33500001	34500001	328889	17374.0	0.0528263335046
chrX	33600001	34600001	348456	18379.0	0.0527441054251
chrX	33700001	34700001	359300	18687.0	0.0520094628444
chrX	33800001	34800001	364447	19079.0	0.0523505475419
chrX	33900001	34900001	369163	19492.0	0.0528005244296
chrX	34000001	35000001	381947	20278.0	0.0530911356811
chrX	34100001	35100001	385544	20474.0	0.0531041852551
chrX	34200001	35200001	396077	21041.0	0.0531235088127
chrX	34300001	35300001	385459	20587.0	0.0534090525841
chrX	34400001	35400001	365519	19578.0	0.0535621951253
chrX	34500001	35500001	369711	19693.0	0.053265929334
chrX	34600001	35600001	369058	19598.0	0.0531027643351
chrX	34700001	35700001	351571	18963.0	0.0539378959015
chrX	34800001	35800001	351463	19016.0	0.0541052685489
chrX	34900001	35900001	352919	18830.0	0.0533550191404
chrX	35000001	36000001	343513	18056.0	0.0525627851057
chrX	35100001	36100001	341662	17752.0	0.051957782838
chrX	35200001	36200001	336396	17319.0	0.0514839653266
chrX	35300001	36300001	346646	17770.0	0.0512626714285
chrX	35400001	36400001	373098	18893.0	0.0506381701322
chrX	35500001	36500001	371100	18704.0	0.0504015090272
chrX	35600001	36600001	373822	18844.0	0.0504090181958
chrX	35700001	36700001	369860	18628.0	0.0503650029741
chrX	35800001	36800001	384386	19518.0	0.0507770834526
chrX	35900001	36900001	377346	19147.0	0.0507412295347
chrX	36000001	37000001	381390	19285.0	0.0505650384121
chrX	36100001	37100001	372731	19395.0	0.0520348455052
chrX	36200001	37200001	357263	18615.0	0.0521044720556
chrX	36300001	37300001	358967	18430.0	0.0513417667919
chrX	36400001	37400001	330914	17123.0	0.0517445620312
chrX	36500001	37500001	337417	17430.0	0.0516571482765
chrX	36600001	37600001	349366	17666.0	0.050565882198
chrX	36700001	37700001	365851	18291.0	0.0499957633025
chrX	36800001	37800001	354839	17337.0	0.0488587782065
chrX	36900001	37900001	360749	17625.0	0.0488566842874
chrX	37000001	38000001	374460	18574.0	0.0496020936816
chrX	37100001	38100001	400280	19087.0	0.0476841211152
chrX	37200001	38200001	424755	20174.0	0.0474956151193
chrX	37300001	38300001	431077	20595.0	0.0477756874062
chrX	37400001	38400001	447651	21168.0	0.0472868372907
chrX	37500001	38500001	458108	21362.0	0.0466309254586
chrX	37600001	38600001	457662	21406.0	0.0467725089695
chrX	37700001	38700001	460273	21432.0	0.046563669822
chrX	37800001	38800001	469333	21777.0	0.046399890909
chrX	37900001	38900001	480063	22205.0	0.0462543457838
chrX	38000001	39000001	463903	21112.0	0.0455095138423
chrX	38100001	39100001	460541	21131.0	0.0458829941308
chrX	38200001	39200001	464018	21255.0	0.0458064126823
chrX	38300001	39300001	464062	21394.0	0.0461015984933
chrX	38400001	39400001	480017	22216.0	0.04628169419
chrX	38500001	39500001	473342	21945.0	0.0463618271778
chrX	38600001	39600001	469622	21668.0	0.0461392353851
chrX	38700001	39700001	466809	21672.0	0.0464258401188
chrX	38800001	39800001	472127	22175.0	0.0469682945479
chrX	38900001	39900001	472649	22107.0	0.0467725521476
chrX	39000001	40000001	500939	23180.0	0.0462730991199
chrX	39100001	40100001	496442	22791.0	0.0459086862111
chrX	39200001	40200001	488997	22407.0	0.0458223670084
chrX	39300001	40300001	474765	21715.0	0.0457384179541
chrX	39400001	40400001	458689	21056.0	0.0459047415569
chrX	39500001	40500001	463554	21401.0	0.0461672210789
chrX	39600001	40600001	462366	21107.0	0.045649982914
chrX	39700001	40700001	438862	19923.0	0.0453969584972
chrX	39800001	40800001	408649	18347.0	0.0448967206576
chrX	39900001	40900001	388299	17386.0	0.0447747740787
chrX	40000001	41000001	363903	16536.0	0.0454406806209
chrX	40100001	41100001	365879	16703.0	0.0456517045253
chrX	40200001	41200001	360440	16632.0	0.0461436022639
chrX	40300001	41300001	358084	16502.0	0.0460841590241
chrX	40400001	41400001	360090	16424.0	0.0456108195173
chrX	40500001	41500001	360228	16110.0	0.0447216762717
chrX	40600001	41600001	352068	15880.0	0.0451049229126
chrX	40700001	41700001	364257	16381.0	0.044970995753
chrX	40800001	41800001	386242	17213.0	0.0445653243303
chrX	40900001	41900001	396329	17767.0	0.0448289173893
chrX	41000001	42000001	397014	17780.0	0.0447843149108
chrX	41100001	42100001	389886	17487.0	0.044851571998
chrX	41200001	42200001	387437	17260.0	0.044549178318
chrX	41300001	42300001	391476	17444.0	0.0445595643156
chrX	41400001	42400001	390605	17578.0	0.0450019841016
chrX	41500001	42500001	379296	17359.0	0.0457663671644
chrX	41600001	42600001	376734	17484.0	0.0464094029209
chrX	41700001	42700001	376688	17603.0	0.0467309816081
chrX	41800001	42800001	362829	17108.0	0.0471516885365
chrX	41900001	42900001	353397	16714.0	0.047295251516
chrX	42000001	43000001	354186	16731.0	0.0472378919551
chrX	42100001	43100001	348302	16429.0	0.0471688362398
chrX	42200001	43200001	338024	15951.0	0.0471889569971
chrX	42300001	43300001	326171	15298.0	0.046901778515
chrX	42400001	43400001	317857	14839.0	0.0466845153638
chrX	42500001	43500001	315789	14796.0	0.0468540702811
chrX	42600001	43600001	331833	15447.0	0.0465505239081
chrX	42700001	43700001	352089	16578.0	0.0470846859743
chrX	42800001	43800001	369786	17763.0	0.0480358910289
chrX	42900001	43900001	404124	19044.0	0.0471241500134
chrX	43000001	44000001	406029	19084.0	0.0470015688535
chrX	43100001	44100001	414505	19206.0	0.0463347848639
chrX	43200001	44200001	440514	20290.0	0.0460598301076
chrX	43300001	44300001	443336	20443.0	0.0461117527113
chrX	43400001	44400001	447167	20695.0	0.0462802487661
chrX	43500001	44500001	434797	20163.0	0.0463733650416
chrX	43600001	44600001	411004	19157.0	0.0466102519684
chrX	43700001	44700001	377757	17420.0	0.0461143009924
chrX	43800001	44800001	355832	16023.0	0.0450296769262
chrX	43900001	44900001	336954	15416.0	0.0457510520724
chrX	44000001	45000001	345319	15741.0	0.0455839383295
chrX	44100001	45100001	338415	16012.0	0.0473146875877
chrX	44200001	45200001	315001	15092.0	0.0479109590128
chrX	44300001	45300001	312077	15006.0	0.0480842868907
chrX	44400001	45400001	303761	14531.0	0.0478369507606
chrX	44500001	45500001	303198	14435.0	0.0476091530947
chrX	44600001	45600001	306516	14551.0	0.0474722363596
chrX	44700001	45700001	345197	16016.0	0.0463966952204
chrX	44800001	45800001	361705	16848.0	0.0465793948107
chrX	44900001	45900001	349514	16318.0	0.0466876863302
chrX	45000001	46000001	315503	14935.0	0.0473371093143
chrX	45100001	46100001	304763	14098.0	0.0462588962571
chrX	45200001	46200001	313460	14426.0	0.046021820966
chrX	45300001	46300001	317410	14611.0	0.0460319460635
chrX	45400001	46400001	313771	14519.0	0.046272600081
chrX	45500001	46500001	338072	15494.0	0.0458304739819
chrX	45600001	46600001	352395	16053.0	0.045553994807
chrX	45700001	46700001	323248	14943.0	0.0462276642083
chrX	45800001	46800001	314721	14265.0	0.0453258600475
chrX	45900001	46900001	324137	14347.0	0.0442621484126
chrX	46000001	47000001	337517	14860.0	0.0440274119526
chrX	46100001	47100001	362211	16056.0	0.0443277537126
chrX	46200001	47200001	351003	15774.0	0.0449397868394
chrX	46300001	47300001	339481	15179.0	0.0447123697644
chrX	46400001	47400001	339547	15197.0	0.0447566905318
chrX	46500001	47500001	339583	15280.0	0.0449963631866
chrX	46600001	47600001	324216	14709.0	0.0453679028796
chrX	46700001	47700001	315089	14222.0	0.04513645351
chrX	46800001	47800001	296838	13617.0	0.0458735067613
chrX	46900001	47900001	290242	13855.0	0.0477360271773
chrX	47000001	48000001	295133	14643.0	0.0496149193753
chrX	47100001	48100001	278259	15421.0	0.0554195911004
chrX	47200001	48200001	294109	17573.0	0.0597499566487
chrX	47300001	48300001	314062	20054.0	0.0638536339958
chrX	47400001	48400001	333538	21042.0	0.0630872644196
chrX	47500001	48500001	318601	20488.0	0.0643061383988
chrX	47600001	48600001	332374	21031.0	0.0632751057544
chrX	47700001	48700001	349882	22055.0	0.0630355376956
chrX	47800001	48800001	359770	22486.0	0.0625010423326
chrX	47900001	48900001	364177	22277.0	0.0611708043067
chrX	48000001	49000001	365690	21727.0	0.0594137110668
chrX	48100001	49100001	376638	20905.0	0.0555042242153
chrX	48200001	49200001	383486	20785.0	0.0542001533302
chrX	48300001	49300001	375579	20859.0	0.0555382489436
chrX	48400001	49400001	377077	23650.0	0.062719285451
chrX	48500001	49500001	380867	23802.0	0.0624942565252
chrX	48600001	49600001	379403	23785.0	0.0626905954882
chrX	48700001	49700001	378339	23559.0	0.0622695519098
chrX	48800001	49800001	391959	24088.0	0.0614554073258
chrX	48900001	49900001	398205	24360.0	0.0611745206615
chrX	49000001	50000001	394720	24431.0	0.061894507499
chrX	49100001	50100001	369141	22989.0	0.0622770160995
chrX	49200001	50200001	383118	22334.0	0.0582953554779
chrX	49300001	50300001	399258	21026.0	0.0526626892886
chrX	49400001	50400001	394648	17733.0	0.044933713081
chrX	49500001	50500001	398164	17558.0	0.0440974070986
chrX	49600001	50600001	396161	17314.0	0.0437044534924
chrX	49700001	50700001	388264	17108.0	0.0440628026291
chrX	49800001	50800001	375970	16908.0	0.0449716732718
chrX	49900001	50900001	360630	16590.0	0.0460028283837
chrX	50000001	51000001	354406	16256.0	0.0458682979408
chrX	50100001	51100001	363294	16736.0	0.0460673724311
chrX	50200001	51200001	323262	15040.0	0.0465257283566
chrX	50300001	51300001	303553	14229.0	0.0468748455789
chrX	50400001	51400001	288760	13830.0	0.047894445214
chrX	50500001	51500001	268123	13107.0	0.0488842807219
chrX	50600001	51600001	248559	12321.0	0.0495697198653
chrX	50700001	51700001	250177	12242.0	0.0489333551845
chrX	50800001	51800001	229695	11130.0	0.0484555606348
chrX	50900001	51900001	210973	10055.0	0.0476601271253
chrX	51000001	52000001	208961	9938.0	0.0475591139016
chrX	51100001	52100001	214605	10393.0	0.0484285081895
chrX	51200001	52200001	233224	11579.0	0.0496475491373
chrX	51300001	52300001	238757	13182.0	0.0552109466948
chrX	51400001	52400001	240379	14180.0	0.0589901780106
chrX	51500001	52500001	235735	14302.0	0.0606698199249
chrX	51600001	52600001	252883	16638.0	0.0657932719874
chrX	51700001	52700001	253624	18137.0	0.0715113711636
chrX	51800001	52800001	276533	20746.0	0.0750217876347
chrX	51900001	52900001	304311	22879.0	0.0751829542803
chrX	52000001	53000001	316508	24047.0	0.0759759626929
chrX	52100001	53100001	312510	23638.0	0.0756391795463
chrX	52200001	53200001	300428	22663.0	0.0754357117179
chrX	52300001	53300001	315381	21696.0	0.0687929837244
chrX	52400001	53400001	322163	20767.0	0.0644611578611
chrX	52500001	53500001	342114	21150.0	0.0618214980971
chrX	52600001	53600001	327242	18797.0	0.0574406708185
chrX	52700001	53700001	349107	18517.0	0.0530410447227
chrX	52800001	53800001	343018	16511.0	0.0481345002303
chrX	52900001	53900001	315989	14381.0	0.0455110779173
chrX	53000001	54000001	298661	12880.0	0.0431258182354
chrX	53100001	54100001	298855	12661.0	0.0423650265179
chrX	53200001	54200001	293723	12350.0	0.0420464178835
chrX	53300001	54300001	287686	11999.0	0.0417086684788
chrX	53400001	54400001	285270	11934.0	0.0418340519508
chrX	53500001	54500001	280217	11777.0	0.0420281424753
chrX	53600001	54600001	286345	12130.0	0.0423614870174
chrX	53700001	54700001	241103	9921.0	0.0411483888629
chrX	53800001	54800001	234690	9795.0	0.0417359069411
chrX	53900001	54900001	254760	10998.0	0.0431700423928
chrX	54000001	55000001	264049	11434.0	0.0433025688414
chrX	54100001	55100001	265369	11674.0	0.043991573997
chrX	54200001	55200001	284184	12926.0	0.0454846156012
chrX	54300001	55300001	272275	12859.0	0.0472279864108
chrX	54400001	55400001	264067	12816.0	0.0485331374235
chrX	54500001	55500001	252124	12531.0	0.0497017340674
chrX	54600001	55600001	239496	12200.0	0.0509403079801
chrX	54700001	55700001	256192	13273.0	0.0518087996503
chrX	54800001	55800001	256182	13077.0	0.0510457409186
chrX	54900001	55900001	241472	12184.0	0.0504571958654
chrX	55000001	56000001	233262	11970.0	0.0513156879389
chrX	55100001	56100001	206309	10773.0	0.0522177898201
chrX	55200001	56200001	183286	9484.0	0.0517442685202
chrX	55300001	56300001	183048	9238.0	0.050467636904
chrX	55400001	56400001	172201	8623.0	0.0500752028153
chrX	55500001	56500001	160889	8007.0	0.0497672308237
chrX	55600001	56600001	158708	7740.0	0.0487688081256
chrX	55700001	56700001	138880	6576.0	0.0473502304147
chrX	55800001	56800001	141350	7618.0	0.0538945879024
chrX	55900001	56900001	159726	10984.0	0.0687677647972
chrX	56000001	57000001	140128	9943.0	0.0709565540078
chrX	56100001	57100001	156475	10755.0	0.0687330244448
chrX	56200001	57200001	155588	10880.0	0.0699282721032
chrX	56300001	57300001	130591	9813.0	0.0751430037292
chrX	56400001	57400001	128566	9783.0	0.0760932128245
chrX	56500001	57500001	135627	10252.0	0.0755896687238
chrX	56600001	57600001	124639	9838.0	0.0789319554874
chrX	56700001	57700001	136397	10506.0	0.0770251545122
chrX	56800001	57800001	122819	9262.0	0.0754117848216
chrX	56900001	57900001	89081	5152.0	0.0578350040974
chrX	57000001	58000001	112436	6471.0	0.0575527411149
chrX	57100001	58100001	93937	5603.0	0.0596463587298
chrX	57200001	58200001	79866	4724.0	0.0591490747001
chrX	57300001	58300001	79866	4724.0	0.0591490747001
chrX	57400001	58400001	68747	4107.0	0.059740788689
chrX	57500001	58500001	57885	3433.0	0.0593072471279
chrX	57600001	58600001	53257	3116.0	0.058508740635
chrX	57700001	58700001	35028	2090.0	0.0596665524723
chrX	57800001	58800001	25028	1463.0	0.0584545309254
chrX	57900001	58900001	25028	1463.0	0.0584545309254
chrX	58000001	59000001	1673	144.0	0.086072922893
chrX	58100001	59100001	0	0.0	NA
chrX	58200001	59200001	0	0.0	NA
chrX	58300001	59300001	0	0.0	NA
chrX	58400001	59400001	0	0.0	NA
chrX	58500001	59500001	0	0.0	NA
chrX	58600001	59600001	0	0.0	NA
chrX	58700001	59700001	0	0.0	NA
chrX	58800001	59800001	0	0.0	NA
chrX	58900001	59900001	0	0.0	NA
chrX	59000001	60000001	0	0.0	NA
chrX	59100001	60100001	0	0.0	NA
chrX	59200001	60200001	0	0.0	NA
chrX	59300001	60300001	0	0.0	NA
chrX	59400001	60400001	0	0.0	NA
chrX	59500001	60500001	0	0.0	NA
chrX	59600001	60600001	0	0.0	NA
chrX	59700001	60700001	0	0.0	NA
chrX	59800001	60800001	0	0.0	NA
chrX	59900001	60900001	0	0.0	NA
chrX	60000001	61000001	0	0.0	NA
chrX	60100001	61100001	0	0.0	NA
chrX	60200001	61200001	0	0.0	NA
chrX	60300001	61300001	0	0.0	NA
chrX	60400001	61400001	0	0.0	NA
chrX	60500001	61500001	0	0.0	NA
chrX	60600001	61600001	0	0.0	NA
chrX	60700001	61700001	0	0.0	NA
chrX	60800001	61800001	0	0.0	NA
chrX	60900001	61900001	0	0.0	NA
chrX	61000001	62000001	0	0.0	NA
chrX	61100001	62100001	0	0.0	NA
chrX	61200001	62200001	0	0.0	NA
chrX	61300001	62300001	0	0.0	NA
chrX	61400001	62400001	3158	184.0	0.0582647245092
chrX	61500001	62500001	9490	558.0	0.0587987355111
chrX	61600001	62600001	19984	1163.0	0.0581965572458
chrX	61700001	62700001	27845	1611.0	0.0578559885078
chrX	61800001	62800001	44603	2483.0	0.055668901195
chrX	61900001	62900001	72576	3846.0	0.0529927248677
chrX	62000001	63000001	121321	6040.0	0.0497852803719
chrX	62100001	63100001	150136	7615.0	0.0507206799169
chrX	62200001	63200001	172988	9076.0	0.0524660670104
chrX	62300001	63300001	174993	9195.0	0.0525449589412
chrX	62400001	63400001	186405	9894.0	0.0530779753762
chrX	62500001	63500001	216470	11135.0	0.0514389984755
chrX	62600001	63600001	229846	11628.0	0.0505903953082
chrX	62700001	63700001	240338	12286.0	0.051119673127
chrX	62800001	63800001	224210	11446.0	0.0510503545783
chrX	62900001	63900001	197326	10152.0	0.0514478578596
chrX	63000001	64000001	163145	8844.0	0.0542094455852
chrX	63100001	64100001	134757	7325.0	0.0543571020429
chrX	63200001	64200001	128279	6696.0	0.0521987230958
chrX	63300001	64300001	146715	7535.0	0.0513580751798
chrX	63400001	64400001	136879	6935.0	0.0506651860402
chrX	63500001	64500001	108652	5778.0	0.053178956669
chrX	63600001	64600001	95754	5274.0	0.0550786390125
chrX	63700001	64700001	78932	4247.0	0.0538058075305
chrX	63800001	64800001	122611	6100.0	0.0497508380162
chrX	63900001	64900001	161594	7937.0	0.049116922658
chrX	64000001	65000001	190807	9111.0	0.0477498204992
chrX	64100001	65100001	226734	11223.0	0.0494985313186
chrX	64200001	65200001	226786	11366.0	0.0501177321351
chrX	64300001	65300001	264679	13802.0	0.0521461846236
chrX	64400001	65400001	286598	15059.0	0.0525439814653
chrX	64500001	65500001	300778	15929.0	0.0529593254826
chrX	64600001	65600001	303146	16302.0	0.0537760682971
chrX	64700001	65700001	333122	18401.0	0.0552380209053
chrX	64800001	65800001	295352	16983.0	0.0575008803055
chrX	64900001	65900001	285022	16893.0	0.0592691090512
chrX	65000001	66000001	258161	15895.0	0.0615701054768
chrX	65100001	66100001	237266	14671.0	0.0618335539015
chrX	65200001	66200001	248206	15288.0	0.0615939985335
chrX	65300001	66300001	203001	12709.0	0.0626056029281
chrX	65400001	66400001	202007	12711.0	0.0629235620548
chrX	65500001	66500001	191742	12199.0	0.0636219503291
chrX	65600001	66600001	199076	12568.0	0.0631316683076
chrX	65700001	66700001	173533	10780.0	0.0621207493676
chrX	65800001	66800001	204391	12168.0	0.059532953995
chrX	65900001	66900001	216922	12387.0	0.0571034749818
chrX	66000001	67000001	252134	13891.0	0.055093720006
chrX	66100001	67100001	250205	13703.0	0.0547670909854
chrX	66200001	67200001	234571	12745.0	0.0543332295979
chrX	66300001	67300001	250415	13314.0	0.053167741549
chrX	66400001	67400001	257761	13207.0	0.0512373865713
chrX	66500001	67500001	281386	13979.0	0.0496790885119
chrX	66600001	67600001	285003	13762.0	0.0482872110118
chrX	66700001	67700001	310113	14762.0	0.0476020031408
chrX	66800001	67800001	296975	14054.0	0.0473238488088
chrX	66900001	67900001	286749	13683.0	0.0477176903843
chrX	67000001	68000001	285737	13707.0	0.0479706863304
chrX	67100001	68100001	322204	15230.0	0.047268190339
chrX	67200001	68200001	351961	16453.0	0.0467466565898
chrX	67300001	68300001	372901	17430.0	0.0467416284751
chrX	67400001	68400001	399185	18666.0	0.0467602740584
chrX	67500001	68500001	410494	19329.0	0.0470871681437
chrX	67600001	68600001	426804	20145.0	0.0471996513622
chrX	67700001	68700001	422563	20044.0	0.0474343470678
chrX	67800001	68800001	444851	20837.0	0.0468404027416
chrX	67900001	68900001	440000	20266.0	0.0460590909091
chrX	68000001	69000001	411851	18672.0	0.0453367844196
chrX	68100001	69100001	383720	17337.0	0.0451813822579
chrX	68200001	69200001	381390	17120.0	0.044888434411
chrX	68300001	69300001	375267	16753.0	0.0446428809354
chrX	68400001	69400001	354523	15887.0	0.0448123252934
chrX	68500001	69500001	346932	15431.0	0.0444784568734
chrX	68600001	69600001	345663	15112.0	0.0437188822639
chrX	68700001	69700001	362024	15489.0	0.0427844562791
chrX	68800001	69800001	351104	14968.0	0.0426312431644
chrX	68900001	69900001	339473	14509.0	0.0427397760647
chrX	69000001	70000001	331059	14149.0	0.0427386055054
chrX	69100001	70100001	327768	14011.0	0.0427466988846
chrX	69200001	70200001	291593	12500.0	0.0428679700816
chrX	69300001	70300001	266738	11215.0	0.0420450029617
chrX	69400001	70400001	280257	11340.0	0.0404628608741
chrX	69500001	70500001	272064	10754.0	0.0395274641261
chrX	69600001	70600001	262901	10580.0	0.0402432854953
chrX	69700001	70700001	250077	10368.0	0.041459230557
chrX	69800001	70800001	214450	8949.0	0.0417300069946
chrX	69900001	70900001	213589	10105.0	0.047310488836
chrX	70000001	71000001	226840	12810.0	0.0564715217775
chrX	70100001	71100001	228241	14114.0	0.061838144768
chrX	70200001	71200001	262798	15622.0	0.0594448968409
chrX	70300001	71300001	292588	17094.0	0.0584234486719
chrX	70400001	71400001	285460	17065.0	0.0597807048273
chrX	70500001	71500001	283081	17187.0	0.0607140712376
chrX	70600001	71600001	291792	17413.0	0.0596760706257
chrX	70700001	71700001	291031	17000.0	0.0584130212933
chrX	70800001	71800001	328467	18612.0	0.0566632264428
chrX	70900001	71900001	350867	18489.0	0.052695180795
chrX	71000001	72000001	345947	16220.0	0.0468857946448
chrX	71100001	72100001	334001	14533.0	0.0435118457729
chrX	71200001	72200001	306679	13531.0	0.0441210516534
chrX	71300001	72300001	266839	11793.0	0.0441951888592
chrX	71400001	72400001	224765	10011.0	0.0445398527351
chrX	71500001	72500001	207864	9408.0	0.0452603625447
chrX	71600001	72600001	171882	7905.0	0.0459908541907
chrX	71700001	72700001	158669	7737.0	0.0487618879554
chrX	71800001	72800001	135316	6778.0	0.0500901593308
chrX	71900001	72900001	106343	5455.0	0.0512962771409
chrX	72000001	73000001	101463	5262.0	0.0518612696254
chrX	72100001	73100001	137067	6777.0	0.0494429731445
chrX	72200001	73200001	140308	6791.0	0.0484006614021
chrX	72300001	73300001	139516	6776.0	0.04856790619
chrX	72400001	73400001	150388	7452.0	0.0495518259436
chrX	72500001	73500001	180200	8630.0	0.0478912319645
chrX	72600001	73600001	213049	10203.0	0.0478903914123
chrX	72700001	73700001	239724	11342.0	0.0473127429878
chrX	72800001	73800001	262639	12412.0	0.047258784872
chrX	72900001	73900001	289775	13581.0	0.0468673971185
chrX	73000001	74000001	296475	13657.0	0.0460645922928
chrX	73100001	74100001	276604	12754.0	0.0461092392012
chrX	73200001	74200001	300611	13695.0	0.0455572151385
chrX	73300001	74300001	314155	14195.0	0.0451847018192
chrX	73400001	74400001	328276	14630.0	0.0445661577453
chrX	73500001	74500001	296931	13243.0	0.0445995871095
chrX	73600001	74600001	285299	12565.0	0.0440415143411
chrX	73700001	74700001	260560	11374.0	0.0436521338655
chrX	73800001	74800001	239519	10440.0	0.0435873563266
chrX	73900001	74900001	223685	10047.0	0.0449158414735
chrX	74000001	75000001	216408	9896.0	0.0457284388747
chrX	74100001	75100001	196759	9073.0	0.046112248995
chrX	74200001	75200001	164799	7816.0	0.0474274722541
chrX	74300001	75300001	155391	7615.0	0.0490054121539
chrX	74400001	75400001	142833	7124.0	0.0498764291165
chrX	74500001	75500001	139241	6971.0	0.0500642770448
chrX	74600001	75600001	116464	6031.0	0.051784242341
chrX	74700001	75700001	104563	5571.0	0.0532788845003
chrX	74800001	75800001	88606	4782.0	0.0539692571609
chrX	74900001	75900001	73531	3971.0	0.0540044335042
chrX	75000001	76000001	66654	3888.0	0.0583310829058
chrX	75100001	76100001	64742	3825.0	0.0590806586142
chrX	75200001	76200001	76557	4450.0	0.0581266246065
chrX	75300001	76300001	87755	5141.0	0.0585835564925
chrX	75400001	76400001	87534	5394.0	0.0616217698266
chrX	75500001	76500001	83306	5173.0	0.0620963676086
chrX	75600001	76600001	89153	5453.0	0.061164514935
chrX	75700001	76700001	100559	5912.0	0.0587913563182
chrX	75800001	76800001	129316	7042.0	0.0544557518018
chrX	75900001	76900001	153394	8017.0	0.0522641042023
chrX	76000001	77000001	173630	8552.0	0.0492541611473
chrX	76100001	77100001	192656	9378.0	0.048677435429
chrX	76200001	77200001	210737	10116.0	0.0480029610367
chrX	76300001	77300001	220759	10167.0	0.0460547474848
chrX	76400001	77400001	243161	10894.0	0.0448015923606
chrX	76500001	77500001	252592	11334.0	0.0448707797555
chrX	76600001	77600001	268493	12052.0	0.0448875762124
chrX	76700001	77700001	257413	11605.0	0.0450831931565
chrX	76800001	77800001	249843	11709.0	0.046865431491
chrX	76900001	77900001	233954	11135.0	0.0475948263334
chrX	77000001	78000001	243144	12178.0	0.0500855460139
chrX	77100001	78100001	252675	12882.0	0.050982487385
chrX	77200001	78200001	237689	12431.0	0.0522994332931
chrX	77300001	78300001	226580	12399.0	0.0547223938565
chrX	77400001	78400001	218111	12386.0	0.0567875989748
chrX	77500001	78500001	240997	13859.0	0.0575069399204
chrX	77600001	78600001	243613	14297.0	0.0586873442714
chrX	77700001	78700001	269978	15647.0	0.0579565742394
chrX	77800001	78800001	253136	14679.0	0.0579885911131
chrX	77900001	78900001	265347	15400.0	0.0580372116512
chrX	78000001	79000001	239943	13944.0	0.058113802028
chrX	78100001	79100001	217670	12727.0	0.0584692424312
chrX	78200001	79200001	199357	11618.0	0.0582773617179
chrX	78300001	79300001	201550	11480.0	0.0569585710742
chrX	78400001	79400001	193603	10842.0	0.0560011983285
chrX	78500001	79500001	163437	9014.0	0.0551527499893
chrX	78600001	79600001	171805	9236.0	0.0537586216932
chrX	78700001	79700001	161372	8662.0	0.0536772178569
chrX	78800001	79800001	174946	9392.0	0.053685137128
chrX	78900001	79900001	154739	8207.0	0.0530376957328
chrX	79000001	80000001	186439	9438.0	0.0506224556021
chrX	79100001	80100001	205963	10238.0	0.0497079572545
chrX	79200001	80200001	217881	10815.0	0.049637187272
chrX	79300001	80300001	209444	10400.0	0.0496552777831
chrX	79400001	80400001	210994	10406.0	0.0493189379793
chrX	79500001	80500001	236867	11791.0	0.0497789898973
chrX	79600001	80600001	227084	11255.0	0.0495631572458
chrX	79700001	80700001	246426	12585.0	0.0510700981228
chrX	79800001	80800001	241121	12369.0	0.0512978960771
chrX	79900001	80900001	249540	12925.0	0.0517953033582
chrX	80000001	81000001	210111	11308.0	0.0538191717711
chrX	80100001	81100001	199010	11063.0	0.0555901713482
chrX	80200001	81200001	203753	11513.0	0.0565046895015
chrX	80300001	81300001	202762	11596.0	0.0571902032925
chrX	80400001	81400001	192732	11420.0	0.0592532635992
chrX	80500001	81500001	172327	10439.0	0.0605766943079
chrX	80600001	81600001	167052	10339.0	0.0618909082202
chrX	80700001	81700001	140769	8814.0	0.0626132173987
chrX	80800001	81800001	144193	8929.0	0.0619239491515
chrX	80900001	81900001	146127	8995.0	0.0615560437154
chrX	81000001	82000001	170548	10210.0	0.0598658442198
chrX	81100001	82100001	177865	10603.0	0.0596126275546
chrX	81200001	82200001	168972	10040.0	0.0594181284473
chrX	81300001	82300001	164421	9684.0	0.0588975860748
chrX	81400001	82400001	166698	9719.0	0.0583030390287
chrX	81500001	82500001	162935	9436.0	0.0579126645595
chrX	81600001	82600001	172208	9916.0	0.0575815293134
chrX	81700001	82700001	174234	9978.0	0.0572678122525
chrX	81800001	82800001	205143	11515.0	0.05613157651
chrX	81900001	82900001	208969	11860.0	0.0567548296637
chrX	82000001	83000001	184526	10600.0	0.0574444793688
chrX	82100001	83100001	175031	10006.0	0.0571670161286
chrX	82200001	83200001	182189	10378.0	0.0569628243198
chrX	82300001	83300001	181290	10345.0	0.0570632687959
chrX	82400001	83400001	195159	10711.0	0.0548834540042
chrX	82500001	83500001	242825	13013.0	0.0535900339751
chrX	82600001	83600001	251697	13400.0	0.0532386162727
chrX	82700001	83700001	252808	13512.0	0.0534476757065
chrX	82800001	83800001	241635	12998.0	0.0537918761769
chrX	82900001	83900001	241777	12846.0	0.0531316047432
chrX	83000001	84000001	251696	13366.0	0.0531037441994
chrX	83100001	84100001	268293	14335.0	0.0534303914004
chrX	83200001	84200001	283382	15354.0	0.0541812818034
chrX	83300001	84300001	292952	15796.0	0.053920096125
chrX	83400001	84400001	298676	16226.0	0.0543264272991
chrX	83500001	84500001	271090	14898.0	0.0549559186986
chrX	83600001	84600001	273826	14656.0	0.0535230401788
chrX	83700001	84700001	278478	14763.0	0.0530131644151
chrX	83800001	84800001	282504	15003.0	0.0531072126412
chrX	83900001	84900001	279929	14852.0	0.0530563107074
chrX	84000001	85000001	272893	14548.0	0.0533102717915
chrX	84100001	85100001	255043	13529.0	0.0530459569563
chrX	84200001	85200001	273882	14036.0	0.0512483478286
chrX	84300001	85300001	292639	14914.0	0.050963815486
chrX	84400001	85400001	289133	14899.0	0.0515299187571
chrX	84500001	85500001	312796	16024.0	0.0512282765764
chrX	84600001	85600001	307903	16148.0	0.0524450882258
chrX	84700001	85700001	333433	17471.0	0.0523973331974
chrX	84800001	85800001	336858	17752.0	0.0526987632771
chrX	84900001	85900001	349979	18561.0	0.0530346106481
chrX	85000001	86000001	390020	20725.0	0.0531383006
chrX	85100001	86100001	427653	22716.0	0.0531178315129
chrX	85200001	86200001	397129	21438.0	0.0539824591002
chrX	85300001	86300001	371639	20310.0	0.0546498080126
chrX	85400001	86400001	354229	19435.0	0.0548656377654
chrX	85500001	86500001	313311	17513.0	0.0558965373064
chrX	85600001	86600001	302896	17093.0	0.0564319106228
chrX	85700001	86700001	280830	16029.0	0.0570772353381
chrX	85800001	86800001	271004	15606.0	0.0575858658913
chrX	85900001	86900001	272774	15690.0	0.0575201448818
chrX	86000001	87000001	252991	14655.0	0.0579269618287
chrX	86100001	87100001	229063	13469.0	0.0588004173524
chrX	86200001	87200001	238551	14020.0	0.0587714995955
chrX	86300001	87300001	247438	14501.0	0.0586045797331
chrX	86400001	87400001	275673	16082.0	0.058337232881
chrX	86500001	87500001	283400	16569.0	0.058465067043
chrX	86600001	87600001	274430	16016.0	0.0583609663667
chrX	86700001	87700001	279958	16488.0	0.058894548468
chrX	86800001	87800001	271040	15947.0	0.0588363341204
chrX	86900001	87900001	253974	14997.0	0.0590493515084
chrX	87000001	88000001	242701	14344.0	0.0591015282178
chrX	87100001	88100001	230135	13590.0	0.0590522953918
chrX	87200001	88200001	224633	13246.0	0.0589672933184
chrX	87300001	88300001	228557	13486.0	0.059004974689
chrX	87400001	88400001	209180	12464.0	0.0595850463715
chrX	87500001	88500001	220205	13194.0	0.05991689562
chrX	87600001	88600001	216271	12964.0	0.0599433118634
chrX	87700001	88700001	217232	12969.0	0.059701149002
chrX	87800001	88800001	214066	12801.0	0.0597993142302
chrX	87900001	88900001	220195	13194.0	0.0599196167034
chrX	88000001	89000001	218070	12989.0	0.0595634429312
chrX	88100001	89100001	221010	13150.0	0.0594995701552
chrX	88200001	89200001	223476	13274.0	0.059397877177
chrX	88300001	89300001	213681	12738.0	0.0596122257009
chrX	88400001	89400001	214064	12676.0	0.0592159354212
chrX	88500001	89500001	209211	12243.0	0.0585198675022
chrX	88600001	89600001	216567	12707.0	0.0586746826617
chrX	88700001	89700001	206251	12127.0	0.0587972906798
chrX	88800001	89800001	201680	11895.0	0.0589795715986
chrX	88900001	89900001	200826	11877.0	0.0591407487078
chrX	89000001	90000001	205711	12331.0	0.0599433185391
chrX	89100001	90100001	208253	12616.0	0.0605801597096
chrX	89200001	90200001	203819	12411.0	0.0608922622523
chrX	89300001	90300001	202188	12324.0	0.0609531722951
chrX	89400001	90400001	204049	12361.0	0.060578586516
chrX	89500001	90500001	203480	12387.0	0.0608757617456
chrX	89600001	90600001	197514	11999.0	0.0607501240418
chrX	89700001	90700001	193627	11724.0	0.0605494068493
chrX	89800001	90800001	200764	12031.0	0.0599260823654
chrX	89900001	90900001	212046	12606.0	0.0594493647605
chrX	90000001	91000001	215036	12646.0	0.0588087576034
chrX	90100001	91100001	260019	14642.0	0.0563112695611
chrX	90200001	91200001	285615	15673.0	0.0548745689127
chrX	90300001	91300001	305949	16700.0	0.0545842607755
chrX	90400001	91400001	326441	17671.0	0.0541322934313
chrX	90500001	91500001	348667	18701.0	0.0536357039812
chrX	90600001	91600001	382463	20499.0	0.0535973414422
chrX	90700001	91700001	413060	22105.0	0.0535152278119
chrX	90800001	91800001	432150	23078.0	0.0534027536735
chrX	90900001	91900001	426148	22739.0	0.0533593962661
chrX	91000001	92000001	417762	22260.0	0.0532839272121
chrX	91100001	92100001	370099	20007.0	0.0540585086693
chrX	91200001	92200001	343326	18826.0	0.0548341809243
chrX	91300001	92300001	329354	18052.0	0.0548103256678
chrX	91400001	92400001	298112	16560.0	0.0555495920996
chrX	91500001	92500001	279889	15844.0	0.0566081553759
chrX	91600001	92600001	256235	14717.0	0.0574355572033
chrX	91700001	92700001	232279	13507.0	0.0581498973218
chrX	91800001	92800001	224574	13069.0	0.0581946262702
chrX	91900001	92900001	227024	13068.0	0.0575621960674
chrX	92000001	93000001	249108	14081.0	0.0565256836392
chrX	92100001	93100001	278609	15667.0	0.0562329285845
chrX	92200001	93200001	283551	16118.0	0.0568433897253
chrX	92300001	93300001	284545	16226.0	0.0570243722434
chrX	92400001	93400001	308386	17519.0	0.0568086748426
chrX	92500001	93500001	315490	17792.0	0.0563948144157
chrX	92600001	93600001	323915	18209.0	0.0562153651421
chrX	92700001	93700001	324375	18225.0	0.0561849710983
chrX	92800001	93800001	308474	17462.0	0.0566076881682
chrX	92900001	93900001	309451	17720.0	0.0572627007184
chrX	93000001	94000001	278211	16205.0	0.0582471577328
chrX	93100001	94100001	244519	14441.0	0.0590588052462
chrX	93200001	94200001	226799	13344.0	0.058836238255
chrX	93300001	94300001	215031	12635.0	0.0587589696369
chrX	93400001	94400001	189509	11204.0	0.0591212026869
chrX	93500001	94500001	166770	9903.0	0.0593811836661
chrX	93600001	94600001	148065	8833.0	0.0596562320602
chrX	93700001	94700001	155713	9099.0	0.0584344274402
chrX	93800001	94800001	162604	9352.0	0.0575139602962
chrX	93900001	94900001	159574	8882.0	0.0556606966047
chrX	94000001	95000001	203094	10859.0	0.0534678523245
chrX	94100001	95100001	222821	11595.0	0.0520372855341
chrX	94200001	95200001	248938	12702.0	0.0510247531514
chrX	94300001	95300001	271729	13757.0	0.0506276473987
chrX	94400001	95400001	287459	14359.0	0.0499514713403
chrX	94500001	95500001	305923	15134.0	0.0494699646643
chrX	94600001	95600001	312864	15373.0	0.0491363659609
chrX	94700001	95700001	326775	15676.0	0.0479718460715
chrX	94800001	95800001	340082	16048.0	0.0471886192154
chrX	94900001	95900001	359280	16827.0	0.0468353373413
chrX	95000001	96000001	361110	16734.0	0.0463404502783
chrX	95100001	96100001	377558	17329.0	0.0458975839474
chrX	95200001	96200001	402396	18372.0	0.0456565174604
chrX	95300001	96300001	424957	19256.0	0.0453128198853
chrX	95400001	96400001	460880	20786.0	0.0451006769658
chrX	95500001	96500001	485805	21815.0	0.0449048486533
chrX	95600001	96600001	517680	23030.0	0.0444869417401
chrX	95700001	96700001	524817	23332.0	0.0444574013418
chrX	95800001	96800001	541319	23892.0	0.0441366366228
chrX	95900001	96900001	556943	24397.0	0.0438052008913
chrX	96000001	97000001	547194	23997.0	0.043854647529
chrX	96100001	97100001	537612	23673.0	0.0440336153211
chrX	96200001	97200001	527265	23157.0	0.0439190919177
chrX	96300001	97300001	511141	22492.0	0.0440035137076
chrX	96400001	97400001	477565	21086.0	0.044153151927
chrX	96500001	97500001	465727	20523.0	0.0440665883661
chrX	96600001	97600001	449606	19920.0	0.044305458557
chrX	96700001	97700001	427315	19042.0	0.0445619741877
chrX	96800001	97800001	409674	18650.0	0.0455240020114
chrX	96900001	97900001	374895	17477.0	0.0466183864815
chrX	97000001	98000001	359302	16876.0	0.0469688451498
chrX	97100001	98100001	361827	17082.0	0.0472104071835
chrX	97200001	98200001	337758	16275.0	0.0481853871707
chrX	97300001	98300001	341351	16603.0	0.0486390841099
chrX	97400001	98400001	344582	16862.0	0.0489346512586
chrX	97500001	98500001	320924	15993.0	0.0498342286647
chrX	97600001	98600001	318488	16027.0	0.0503221471453
chrX	97700001	98700001	299263	15280.0	0.051058767706
chrX	97800001	98800001	285280	14475.0	0.0507396242288
chrX	97900001	98900001	280352	14111.0	0.0503331526081
chrX	98000001	99000001	306001	15332.0	0.0501044114235
chrX	98100001	99100001	281496	14167.0	0.0503275357376
chrX	98200001	99200001	293359	14554.0	0.0496115680787
chrX	98300001	99300001	299214	14745.0	0.0492791112715
chrX	98400001	99400001	304480	14769.0	0.0485056489753
chrX	98500001	99500001	323174	15429.0	0.0477420832121
chrX	98600001	99600001	342286	15882.0	0.046399794324
chrX	98700001	99700001	394989	17651.0	0.0446873204064
chrX	98800001	99800001	397354	17671.0	0.0444716801643
chrX	98900001	99900001	419455	18412.0	0.0438950542966
chrX	99000001	100000001	412753	17893.0	0.043350381463
chrX	99100001	100100001	423101	18184.0	0.0429779178021
chrX	99200001	100200001	425225	18158.0	0.0427020988888
chrX	99300001	100300001	405505	17136.0	0.0422584185152
chrX	99400001	100400001	402102	16875.0	0.0419669636062
chrX	99500001	100500001	399053	16643.0	0.0417062395221
chrX	99600001	100600001	381157	16027.0	0.0420482898123
chrX	99700001	100700001	360231	15422.0	0.0428114182289
chrX	99800001	100800001	350527	15034.0	0.0428897060711
chrX	99900001	100900001	349469	15141.0	0.0433257313238
chrX	100000001	101000001	345565	15091.0	0.0436705106131
chrX	100100001	101100001	342008	15138.0	0.0442621225234
chrX	100200001	101200001	332359	14756.0	0.0443977746954
chrX	100300001	101300001	327157	14645.0	0.0447644403146
chrX	100400001	101400001	300418	13664.0	0.045483293278
chrX	100500001	101500001	290614	13548.0	0.0466185386802
chrX	100600001	101600001	273326	12900.0	0.0471963881958
chrX	100700001	101700001	245727	11843.0	0.0481957619635
chrX	100800001	101800001	255922	12547.0	0.0490266565594
chrX	100900001	101900001	247611	12195.0	0.0492506391073
chrX	101000001	102000001	230338	11403.0	0.049505509295
chrX	101100001	102100001	244089	11937.0	0.0489042931062
chrX	101200001	102200001	257563	12622.0	0.0490054860364
chrX	101300001	102300001	242035	11762.0	0.0485962773979
chrX	101400001	102400001	262755	12757.0	0.0485509314761
chrX	101500001	102500001	268124	13013.0	0.0485335143441
chrX	101600001	102600001	281354	13507.0	0.0480071369165
chrX	101700001	102700001	297180	14082.0	0.047385422976
chrX	101800001	102800001	315950	14714.0	0.0465706599145
chrX	101900001	102900001	316068	14667.0	0.0464045711682
chrX	102000001	103000001	343374	15905.0	0.0463197563007
chrX	102100001	103100001	357700	16401.0	0.0458512720157
chrX	102200001	103200001	339747	15791.0	0.0464787032704
chrX	102300001	103300001	361992	18310.0	0.0505812283144
chrX	102400001	103400001	366115	18970.0	0.051814320637
chrX	102500001	103500001	387837	19755.0	0.0509363469705
chrX	102600001	103600001	396907	20153.0	0.0507751186046
chrX	102700001	103700001	405897	20603.0	0.0507591827483
chrX	102800001	103800001	392136	19904.0	0.0507579003203
chrX	102900001	103900001	395083	20181.0	0.0510804058894
chrX	103000001	104000001	394137	20163.0	0.0511573386919
chrX	103100001	104100001	385756	20077.0	0.0520458528189
chrX	103200001	104200001	401393	20527.0	0.0511394070151
chrX	103300001	104300001	414949	19684.0	0.0474371549275
chrX	103400001	104400001	430232	19887.0	0.046223897804
chrX	103500001	104500001	422429	19761.0	0.0467794587966
chrX	103600001	104600001	426451	20101.0	0.0471355442947
chrX	103700001	104700001	426391	20243.0	0.047475204683
chrX	103800001	104800001	443149	21129.0	0.0476792230153
chrX	103900001	104900001	452593	21596.0	0.0477161599936
chrX	104000001	105000001	439916	20992.0	0.0477182007474
chrX	104100001	105100001	455555	21548.0	0.0473005454885
chrX	104200001	105200001	478870	22692.0	0.0473865558502
chrX	104300001	105300001	460696	21911.0	0.0475606473683
chrX	104400001	105400001	424815	20257.0	0.047684286101
chrX	104500001	105500001	416593	19703.0	0.0472955618553
chrX	104600001	105600001	398124	19039.0	0.0478217841677
chrX	104700001	105700001	395222	19097.0	0.0483196785604
chrX	104800001	105800001	367399	17845.0	0.0485711719411
chrX	104900001	105900001	350783	17026.0	0.0485371297925
chrX	105000001	106000001	358598	17321.0	0.048301998338
chrX	105100001	106100001	341909	16497.0	0.0482496804705
chrX	105200001	106200001	321938	15332.0	0.0476240766856
chrX	105300001	106300001	330582	15750.0	0.0476432473637
chrX	105400001	106400001	342674	16220.0	0.0473336173739
chrX	105500001	106500001	342821	16136.0	0.0470682951161
chrX	105600001	106600001	353848	16509.0	0.0466556261446
chrX	105700001	106700001	349129	16017.0	0.0458770253975
chrX	105800001	106800001	389279	17684.0	0.0454275725123
chrX	105900001	106900001	404624	18060.0	0.0446340306062
chrX	106000001	107000001	414477	18291.0	0.0441303136242
chrX	106100001	107100001	421408	18609.0	0.0441591047156
chrX	106200001	107200001	413236	18381.0	0.0444806357626
chrX	106300001	107300001	413057	18435.0	0.0446306441968
chrX	106400001	107400001	437608	19447.0	0.0444393155518
chrX	106500001	107500001	464827	20598.0	0.0443132606325
chrX	106600001	107600001	479477	20998.0	0.0437935500556
chrX	106700001	107700001	492312	21582.0	0.043838053917
chrX	106800001	107800001	453111	19920.0	0.0439627376073
chrX	106900001	107900001	446207	19838.0	0.0444591859832
chrX	107000001	108000001	437096	19591.0	0.0448208173948
chrX	107100001	108100001	396495	17882.0	0.0451001904185
chrX	107200001	108200001	375090	17019.0	0.0453731104535
chrX	107300001	108300001	362353	16441.0	0.0453728822447
chrX	107400001	108400001	328837	15136.0	0.046028883611
chrX	107500001	108500001	277561	13058.0	0.0470455143194
chrX	107600001	108600001	258247	12482.0	0.0483335721228
chrX	107700001	108700001	262430	12520.0	0.047707960218
chrX	107800001	108800001	270806	12883.0	0.0475728011935
chrX	107900001	108900001	271576	13012.0	0.047912923086
chrX	108000001	109000001	274187	13157.0	0.0479854989478
chrX	108100001	109100001	307742	14675.0	0.0476860487031
chrX	108200001	109200001	329819	15711.0	0.0476352181045
chrX	108300001	109300001	357576	16732.0	0.046792849632
chrX	108400001	109400001	377447	17564.0	0.0465336855241
chrX	108500001	109500001	424610	19223.0	0.0452721320741
chrX	108600001	109600001	443214	19604.0	0.0442314547826
chrX	108700001	109700001	444939	19569.0	0.0439813097975
chrX	108800001	109800001	446709	19704.0	0.0441092523321
chrX	108900001	109900001	420735	18462.0	0.0438803522407
chrX	109000001	110000001	428851	18939.0	0.0441621915304
chrX	109100001	110100001	425783	18728.0	0.0439848467412
chrX	109200001	110200001	422730	18553.0	0.0438885340525
chrX	109300001	110300001	413422	18291.0	0.0442429285331
chrX	109400001	110400001	436312	19173.0	0.0439433249601
chrX	109500001	110500001	433011	19202.0	0.0443452937685
chrX	109600001	110600001	439657	19696.0	0.0447985588766
chrX	109700001	110700001	433848	19559.0	0.0450826095775
chrX	109800001	110800001	439476	19705.0	0.0448374882815
chrX	109900001	110900001	451439	20336.0	0.0450470606217
chrX	110000001	111000001	435163	19494.0	0.0447970070985
chrX	110100001	111100001	437365	19645.0	0.0449167171584
chrX	110200001	111200001	454852	20530.0	0.0451355605779
chrX	110300001	111300001	450926	20513.0	0.0454908344163
chrX	110400001	111400001	427776	19748.0	0.046164347696
chrX	110500001	111500001	415005	19732.0	0.0475464151034
chrX	110600001	111600001	402742	19569.0	0.0485894195291
chrX	110700001	111700001	386141	19089.0	0.0494353098998
chrX	110800001	111800001	372244	18754.0	0.0503809329365
chrX	110900001	111900001	382180	19318.0	0.0505468627348
chrX	111000001	112000001	384962	19627.0	0.0509842529912
chrX	111100001	112100001	410352	20501.0	0.0499595469256
chrX	111200001	112200001	408581	20217.0	0.0494810086617
chrX	111300001	112300001	407951	20042.0	0.04912844925
chrX	111400001	112400001	386263	18972.0	0.0491167934801
chrX	111500001	112500001	363294	17690.0	0.0486933447841
chrX	111600001	112600001	347553	16770.0	0.0482516335638
chrX	111700001	112700001	333624	16000.0	0.0479581804666
chrX	111800001	112800001	339883	16188.0	0.0476281543943
chrX	111900001	112900001	329991	15681.0	0.0475194778039
chrX	112000001	113000001	315486	15179.0	0.0481130699936
chrX	112100001	113100001	285327	14391.0	0.0504368671735
chrX	112200001	113200001	266746	13798.0	0.0517271111844
chrX	112300001	113300001	256220	13363.0	0.0521543985637
chrX	112400001	113400001	278031	14424.0	0.0518791070061
chrX	112500001	113500001	283198	14634.0	0.0516740937436
chrX	112600001	113600001	273513	14263.0	0.0521474299211
chrX	112700001	113700001	293660	15441.0	0.0525812163727
chrX	112800001	113800001	296585	15645.0	0.0527504762547
chrX	112900001	113900001	333475	17573.0	0.0526966039433
chrX	113000001	114000001	353881	18583.0	0.0525120026224
chrX	113100001	114100001	348148	18244.0	0.0524030010226
chrX	113200001	114200001	337515	17601.0	0.052148793387
chrX	113300001	114300001	352312	18419.0	0.0522803651309
chrX	113400001	114400001	348251	18088.0	0.051939549348
chrX	113500001	114500001	355313	18265.0	0.0514053806081
chrX	113600001	114600001	378906	19367.0	0.0511129409405
chrX	113700001	114700001	392299	19743.0	0.050326409193
chrX	113800001	114800001	393209	19604.0	0.0498564376706
chrX	113900001	114900001	385670	18754.0	0.0486270645889
chrX	114000001	115000001	385179	22475.0	0.0583494946505
chrX	114100001	115100001	396955	24033.0	0.06054338653
chrX	114200001	115200001	392833	23889.0	0.0608121008164
chrX	114300001	115300001	368653	22640.0	0.0614127648493
chrX	114400001	115400001	363995	22649.0	0.0622233821893
chrX	114500001	115500001	363614	22839.0	0.0628111128834
chrX	114600001	115600001	367016	22926.0	0.0624659415393
chrX	114700001	115700001	324727	20978.0	0.0646019579524
chrX	114800001	115800001	303461	20019.0	0.0659689383479
chrX	114900001	115900001	269300	18736.0	0.0695729669514
chrX	115000001	116000001	233458	13079.0	0.0560229248944
chrX	115100001	116100001	206528	10731.0	0.0519590563991
chrX	115200001	116200001	213381	11126.0	0.0521414746393
chrX	115300001	116300001	221784	11607.0	0.0523347040364
chrX	115400001	116400001	211917	11066.0	0.0522185572653
chrX	115500001	116500001	204156	10748.0	0.0526460157918
chrX	115600001	116600001	192771	10301.0	0.0534364608785
chrX	115700001	116700001	221088	11668.0	0.0527753654653
chrX	115800001	116800001	238492	12499.0	0.0524084665314
chrX	115900001	116900001	255554	13126.0	0.0513629213395
chrX	116000001	117000001	279370	14331.0	0.0512975623725
chrX	116100001	117100001	313460	15814.0	0.0504498181586
chrX	116200001	117200001	338236	16620.0	0.049137288757
chrX	116300001	117300001	355603	17189.0	0.0483376124498
chrX	116400001	117400001	380690	18049.0	0.0474112795188
chrX	116500001	117500001	392916	18382.0	0.0467835364302
chrX	116600001	117600001	394576	18176.0	0.0460646364705
chrX	116700001	117700001	406289	18588.0	0.0457506848573
chrX	116800001	117800001	431710	19531.0	0.0452410182762
chrX	116900001	117900001	437076	19801.0	0.045303333974
chrX	117000001	118000001	440801	19851.0	0.045033926874
chrX	117100001	118100001	415757	18667.0	0.0448988231106
chrX	117200001	118200001	419467	19031.0	0.0453694807935
chrX	117300001	118300001	432999	19798.0	0.0457229693371
chrX	117400001	118400001	443808	20445.0	0.0460672182565
chrX	117500001	118500001	432170	19974.0	0.0462179235023
chrX	117600001	118600001	422801	19598.0	0.0463527758922
chrX	117700001	118700001	406430	18937.0	0.0465935093374
chrX	117800001	118800001	398769	18438.0	0.0462372952762
chrX	117900001	118900001	389455	17895.0	0.0459488259234
chrX	118000001	119000001	377135	17351.0	0.0460073978814
chrX	118100001	119100001	379679	17382.0	0.045780777973
chrX	118200001	119200001	355578	17032.0	0.0478994763456
chrX	118300001	119300001	332345	16145.0	0.0485790368442
chrX	118400001	119400001	311476	15052.0	0.0483247505426
chrX	118500001	119500001	338206	16025.0	0.0473823645944
chrX	118600001	119600001	357767	16836.0	0.0470585604597
chrX	118700001	119700001	365147	16896.0	0.0462717754767
chrX	118800001	119800001	349897	16310.0	0.0466137177512
chrX	118900001	119900001	352232	16555.0	0.0470002725476
chrX	119000001	120000001	356186	16660.0	0.0467733150657
chrX	119100001	120100001	338797	16375.0	0.0483327774449
chrX	119200001	120200001	340145	15951.0	0.0468947066692
chrX	119300001	120300001	339551	15564.0	0.0458370023943
chrX	119400001	120400001	336826	15588.0	0.0462790877189
chrX	119500001	120500001	317555	14925.0	0.0469997323298
chrX	119600001	120600001	281514	13416.0	0.0476565996718
chrX	119700001	120700001	272223	13447.0	0.0493970017229
chrX	119800001	120800001	273874	13848.0	0.0505633977669
chrX	119900001	120900001	264255	13489.0	0.0510453917617
chrX	120000001	121000001	248898	12849.0	0.0516235566377
chrX	120100001	121100001	260577	12984.0	0.0498278819696
chrX	120200001	121200001	258276	12750.0	0.0493657947312
chrX	120300001	121300001	253487	12830.0	0.0506140354338
chrX	120400001	121400001	251313	12926.0	0.0514338693183
chrX	120500001	121500001	231216	12110.0	0.0523752681475
chrX	120600001	121600001	242211	12704.0	0.0524501364513
chrX	120700001	121700001	236019	12371.0	0.0524152716519
chrX	120800001	121800001	226766	11944.0	0.0526710353404
chrX	120900001	121900001	225689	11937.0	0.0528913682102
chrX	121000001	122000001	242106	12718.0	0.0525307096891
chrX	121100001	122100001	249711	12997.0	0.0520481676818
chrX	121200001	122200001	261869	13378.0	0.0510866120083
chrX	121300001	122300001	268326	13404.0	0.0499541602379
chrX	121400001	122400001	311383	14822.0	0.0476005433823
chrX	121500001	122500001	360940	16743.0	0.0463872111708
chrX	121600001	122600001	396858	18007.0	0.0453739120794
chrX	121700001	122700001	413325	18343.0	0.0443791205468
chrX	121800001	122800001	433125	18910.0	0.0436594516595
chrX	121900001	122900001	442665	19136.0	0.0432290784227
chrX	122000001	123000001	432175	18618.0	0.0430797709261
chrX	122100001	123100001	440118	18695.0	0.0424772447389
chrX	122200001	123200001	451929	19211.0	0.0425088896707
chrX	122300001	123300001	446908	18857.0	0.0421943666258
chrX	122400001	123400001	413542	17675.0	0.0427405197054
chrX	122500001	123500001	390593	16788.0	0.0429808009872
chrX	122600001	123600001	395263	16857.0	0.0426475536541
chrX	122700001	123700001	418721	17864.0	0.0426632530969
chrX	122800001	123800001	420635	17978.0	0.0427401428792
chrX	122900001	123900001	436769	18640.0	0.0426770214919
chrX	123000001	124000001	466093	19728.0	0.0423263168509
chrX	123100001	124100001	478239	20466.0	0.0427945023304
chrX	123200001	124200001	478595	20604.0	0.0430510139053
chrX	123300001	124300001	511620	22279.0	0.0435459911653
chrX	123400001	124400001	530233	23031.0	0.0434356216984
chrX	123500001	124500001	518603	22683.0	0.043738659437
chrX	123600001	124600001	490381	21905.0	0.0446693489348
chrX	123700001	124700001	450308	20513.0	0.0455532657648
chrX	123800001	124800001	416386	19240.0	0.0462071251195
chrX	123900001	124900001	389114	18199.0	0.0467703552172
chrX	124000001	125000001	359574	17117.0	0.0476035530934
chrX	124100001	125100001	324070	15721.0	0.0485111241398
chrX	124200001	125200001	292682	14234.0	0.0486329873378
chrX	124300001	125300001	252067	12491.0	0.0495542851702
chrX	124400001	125400001	231854	11899.0	0.0513210899963
chrX	124500001	125500001	236909	12331.0	0.0520495211241
chrX	124600001	125600001	223150	11814.0	0.0529419672866
chrX	124700001	125700001	227870	12060.0	0.0529249133278
chrX	124800001	125800001	245874	13012.0	0.0529214150337
chrX	124900001	125900001	266169	14140.0	0.0531241429317
chrX	125000001	126000001	273870	14681.0	0.0536057253441
chrX	125100001	126100001	276552	14739.0	0.0532955827475
chrX	125200001	126200001	283603	15261.0	0.0538111373998
chrX	125300001	126300001	283544	15374.0	0.0542208616652
chrX	125400001	126400001	271540	14765.0	0.0543750460337
chrX	125500001	126500001	270833	14829.0	0.0547532981579
chrX	125600001	126600001	279625	15279.0	0.0546410371033
chrX	125700001	126700001	274747	15129.0	0.0550652054436
chrX	125800001	126800001	275945	15339.0	0.0555871641088
chrX	125900001	126900001	253229	14205.0	0.0560954708979
chrX	126000001	127000001	237481	13409.0	0.0564634644456
chrX	126100001	127100001	231296	13204.0	0.0570870226895
chrX	126200001	127200001	216715	12329.0	0.0568903859908
chrX	126300001	127300001	207945	11749.0	0.0565005169636
chrX	126400001	127400001	197528	11236.0	0.0568830748046
chrX	126500001	127500001	201934	11164.0	0.055285390276
chrX	126600001	127600001	209567	11397.0	0.0543835622975
chrX	126700001	127700001	212656	11387.0	0.0535465728689
chrX	126800001	127800001	234027	12008.0	0.0513103188948
chrX	126900001	127900001	253215	12768.0	0.050423553107
chrX	127000001	128000001	278199	13746.0	0.0494106736545
chrX	127100001	128100001	314969	15374.0	0.0488111528436
chrX	127200001	128200001	347574	16932.0	0.0487148060557
chrX	127300001	128300001	390576	18636.0	0.0477141452624
chrX	127400001	128400001	411833	19340.0	0.0469607826473
chrX	127500001	128500001	400262	18693.0	0.0467019102488
chrX	127600001	128600001	395020	18186.0	0.0460381752823
chrX	127700001	128700001	417048	18994.0	0.0455439182061
chrX	127800001	128800001	419307	19060.0	0.0454559547062
chrX	127900001	128900001	418940	19175.0	0.0457702773667
chrX	128000001	129000001	427906	19400.0	0.0453370600085
chrX	128100001	129100001	420786	18895.0	0.0449040604963
chrX	128200001	129200001	427919	18815.0	0.0439686015344
chrX	128300001	129300001	428550	18782.0	0.0438268580096
chrX	128400001	129400001	441636	19559.0	0.0442876033657
chrX	128500001	129500001	448578	19861.0	0.0442754660282
chrX	128600001	129600001	462851	20664.0	0.0446450369557
chrX	128700001	129700001	454576	20525.0	0.0451519657879
chrX	128800001	129800001	441492	19857.0	0.0449770324264
chrX	128900001	129900001	455708	20139.0	0.0441927725649
chrX	129000001	130000001	456550	20090.0	0.0440039426131
chrX	129100001	130100001	454082	19979.0	0.0439986610348
chrX	129200001	130200001	450837	20039.0	0.0444484370183
chrX	129300001	130300001	419554	18804.0	0.0448190221044
chrX	129400001	130400001	422335	18902.0	0.0447559401897
chrX	129500001	130500001	442836	19769.0	0.0446418087057
chrX	129600001	130600001	431106	19387.0	0.0449703785148
chrX	129700001	130700001	419066	18873.0	0.0450358654723
chrX	129800001	130800001	412558	18755.0	0.0454602746765
chrX	129900001	130900001	395968	18700.0	0.0472260384678
chrX	130000001	131000001	390642	19028.0	0.0487095601599
chrX	130100001	131100001	371277	18326.0	0.0493593731904
chrX	130200001	131200001	382283	18924.0	0.0495025936283
chrX	130300001	131300001	401039	19774.0	0.0493069252616
chrX	130400001	131400001	395112	19305.0	0.0488595638705
chrX	130500001	131500001	366980	18058.0	0.0492070412557
chrX	130600001	131600001	403524	19074.0	0.0472685639516
chrX	130700001	131700001	425212	19809.0	0.0465861734852
chrX	130800001	131800001	445974	20660.0	0.046325570549
chrX	130900001	131900001	476224	21259.0	0.0446407572907
chrX	131000001	132000001	489606	21485.0	0.0438822236656
chrX	131100001	132100001	511590	22444.0	0.0438710686292
chrX	131200001	132200001	501721	21924.0	0.0436975928853
chrX	131300001	132300001	496142	21760.0	0.0438584115032
chrX	131400001	132400001	499807	22087.0	0.0441910577483
chrX	131500001	132500001	541831	23875.0	0.0440635548723
chrX	131600001	132600001	522388	23252.0	0.0445109765155
chrX	131700001	132700001	521463	23057.0	0.0442159846432
chrX	131800001	132800001	515394	22406.0	0.0434735367505
chrX	131900001	132900001	503344	21831.0	0.0433719285419
chrX	132000001	133000001	508248	21767.0	0.042827517275
chrX	132100001	133100001	529340	22272.0	0.0420750368383
chrX	132200001	133200001	526148	21803.0	0.0414389107247
chrX	132300001	133300001	516601	21302.0	0.0412349182444
chrX	132400001	133400001	508611	20726.0	0.0407502000547
chrX	132500001	133500001	456804	18546.0	0.0405994693567
chrX	132600001	133600001	453179	18280.0	0.0403372618767
chrX	132700001	133700001	450603	18265.0	0.0405345725617
chrX	132800001	133800001	454108	18320.0	0.0403428259357
chrX	132900001	133900001	448076	17914.0	0.0399798248511
chrX	133000001	134000001	430031	17165.0	0.0399157270057
chrX	133100001	134100001	409353	16544.0	0.0404149963479
chrX	133200001	134200001	399511	16500.0	0.0413004898488
chrX	133300001	134300001	406035	17476.0	0.0430406245767
chrX	133400001	134400001	402200	18771.0	0.046670810542
chrX	133500001	134500001	430834	20189.0	0.0468602756514
chrX	133600001	134600001	421048	20368.0	0.0483745321199
chrX	133700001	134700001	416346	20211.0	0.0485437592771
chrX	133800001	134800001	393165	20554.0	0.052278305546
chrX	133900001	134900001	373129	21163.0	0.056717649928
chrX	134000001	135000001	350667	21231.0	0.0605446192542
chrX	134100001	135100001	349634	21409.0	0.0612326032365
chrX	134200001	135200001	352794	21580.0	0.0611688407399
chrX	134300001	135300001	378015	22035.0	0.0582913376453
chrX	134400001	135400001	395761	21560.0	0.0544773234351
chrX	134500001	135500001	391995	21383.0	0.0545491651679
chrX	134600001	135600001	406843	21776.0	0.0535243324821
chrX	134700001	135700001	405228	21815.0	0.0538338910441
chrX	134800001	135800001	433986	21958.0	0.0505961021784
chrX	134900001	135900001	449883	21292.0	0.0473278607994
chrX	135000001	136000001	448571	20498.0	0.0456962220028
chrX	135100001	136100001	439138	20063.0	0.045687232715
chrX	135200001	136200001	446995	20329.0	0.0454792559201
chrX	135300001	136300001	418209	19119.0	0.0457163762616
chrX	135400001	136400001	411421	18788.0	0.0456661181612
chrX	135500001	136500001	413444	18855.0	0.0456047251865
chrX	135600001	136600001	407490	18543.0	0.0455054111757
chrX	135700001	136700001	419276	18725.0	0.0446603192169
chrX	135800001	136800001	401008	18041.0	0.044989127399
chrX	135900001	136900001	393190	17945.0	0.0456395127038
chrX	136000001	137000001	416415	18750.0	0.0450271964266
chrX	136100001	137100001	431533	19273.0	0.0446617060572
chrX	136200001	137200001	404965	18099.0	0.0446927512254
chrX	136300001	137300001	408351	18322.0	0.0448682628425
chrX	136400001	137400001	401579	18351.0	0.0456971106557
chrX	136500001	137500001	392765	18012.0	0.0458594834061
chrX	136600001	137600001	378024	17623.0	0.0466187332021
chrX	136700001	137700001	357403	17183.0	0.0480773804361
chrX	136800001	137800001	377703	18221.0	0.0482416078241
chrX	136900001	137900001	386440	18962.0	0.0490684194183
chrX	137000001	138000001	396426	20220.0	0.0510057362534
chrX	137100001	138100001	390852	20539.0	0.0525493025493
chrX	137200001	138200001	417468	22066.0	0.0528567459063
chrX	137300001	138300001	433967	22875.0	0.0527113812801
chrX	137400001	138400001	429668	22556.0	0.052496346016
chrX	137500001	138500001	416313	21837.0	0.05245332238
chrX	137600001	138600001	420465	21689.0	0.0515833660352
chrX	137700001	138700001	441606	22521.0	0.0509979483974
chrX	137800001	138800001	420942	21694.0	0.0515367912919
chrX	137900001	138900001	431916	21700.0	0.0502412506135
chrX	138000001	139000001	422350	20575.0	0.0487155203031
chrX	138100001	139100001	411860	19640.0	0.0476861069295
chrX	138200001	139200001	405461	18872.0	0.046544550524
chrX	138300001	139300001	393815	18156.0	0.0461028655587
chrX	138400001	139400001	376321	17149.0	0.0455701382596
chrX	138500001	139500001	381558	17256.0	0.0452251033919
chrX	138600001	139600001	396638	17968.0	0.0453007528275
chrX	138700001	139700001	386295	17618.0	0.0456076314734
chrX	138800001	139800001	379345	17385.0	0.0458289947146
chrX	138900001	139900001	363892	17274.0	0.0474701284997
chrX	139000001	140000001	349783	16917.0	0.0483642715627
chrX	139100001	140100001	356469	17540.0	0.0492048396915
chrX	139200001	140200001	341014	17399.0	0.0510213656917
chrX	139300001	140300001	328461	16993.0	0.0517352136174
chrX	139400001	140400001	333104	17379.0	0.0521728949517
chrX	139500001	140500001	336319	17794.0	0.0529081021292
chrX	139600001	140600001	318746	17250.0	0.0541183261908
chrX	139700001	140700001	299976	16712.0	0.0557111235566
chrX	139800001	140800001	294033	16592.0	0.0564290402778
chrX	139900001	140900001	295936	16566.0	0.0559783196367
chrX	140000001	141000001	299874	17058.0	0.0568838912343
chrX	140100001	141100001	292546	16590.0	0.0567090303747
chrX	140200001	141200001	300682	16981.0	0.0564749469539
chrX	140300001	141300001	301593	17395.0	0.0576770681017
chrX	140400001	141400001	311608	18051.0	0.0579285512567
chrX	140500001	141500001	315472	18375.0	0.0582460567023
chrX	140600001	141600001	317382	18590.0	0.0585729499468
chrX	140700001	141700001	332510	19213.0	0.0577817208505
chrX	140800001	141800001	341747	19614.0	0.0573933348354
chrX	140900001	141900001	314918	18253.0	0.0579611200376
chrX	141000001	142000001	316040	18156.0	0.0574484242501
chrX	141100001	142100001	322982	18633.0	0.0576905214532
chrX	141200001	142200001	322897	18674.0	0.0578326834873
chrX	141300001	142300001	324746	18591.0	0.0572478182949
chrX	141400001	142400001	332050	19018.0	0.0572745068514
chrX	141500001	142500001	338802	19236.0	0.0567765243417
chrX	141600001	142600001	338805	19132.0	0.056469060374
chrX	141700001	142700001	327666	18509.0	0.0564873987536
chrX	141800001	142800001	335621	18671.0	0.0556312030534
chrX	141900001	142900001	352078	19477.0	0.0553201279262
chrX	142000001	143000001	341025	18837.0	0.0552364196173
chrX	142100001	143100001	330357	18185.0	0.0550465102904
chrX	142200001	143200001	336797	18434.0	0.0547332666265
chrX	142300001	143300001	344176	18789.0	0.0545912556367
chrX	142400001	143400001	332275	18107.0	0.0544940185088
chrX	142500001	143500001	321804	17521.0	0.0544461846341
chrX	142600001	143600001	303124	16625.0	0.0548455417585
chrX	142700001	143700001	304643	16654.0	0.0546672662756
chrX	142800001	143800001	295489	16456.0	0.0556907363726
chrX	142900001	143900001	279952	15690.0	0.0560453220552
chrX	143000001	144000001	268963	15090.0	0.0561043712332
chrX	143100001	144100001	261562	14708.0	0.0562314097614
chrX	143200001	144200001	247676	13931.0	0.056246870912
chrX	143300001	144300001	253499	14207.0	0.0560436135843
chrX	143400001	144400001	247890	13910.0	0.0561135987736
chrX	143500001	144500001	250004	14028.0	0.0561111022224
chrX	143600001	144600001	259957	14446.0	0.0555707290052
chrX	143700001	144700001	258877	14251.0	0.0550493091314
chrX	143800001	144800001	254543	13890.0	0.054568383338
chrX	143900001	144900001	280794	15134.0	0.0538971630448
chrX	144000001	145000001	312283	16626.0	0.053240169974
chrX	144100001	145100001	322627	17260.0	0.0534983122925
chrX	144200001	145200001	333754	17915.0	0.0536772592988
chrX	144300001	145300001	331133	17790.0	0.0537246363244
chrX	144400001	145400001	336677	18113.0	0.0537993388322
chrX	144500001	145500001	344906	18687.0	0.0541799794727
chrX	144600001	145600001	343956	18691.0	0.054341252951
chrX	144700001	145700001	348221	19177.0	0.0550713483678
chrX	144800001	145800001	340583	18787.0	0.0551612969526
chrX	144900001	145900001	327877	18329.0	0.0559020608338
chrX	145000001	146000001	315379	17792.0	0.0564146629928
chrX	145100001	146100001	310643	17504.0	0.0563476402172
chrX	145200001	146200001	302319	17074.0	0.0564767679173
chrX	145300001	146300001	285939	16453.0	0.0575402445976
chrX	145400001	146400001	291806	16870.0	0.0578123821991
chrX	145500001	146500001	284782	16464.0	0.057812642653
chrX	145600001	146600001	288644	16808.0	0.0582309003478
chrX	145700001	146700001	295614	17115.0	0.0578964460411
chrX	145800001	146800001	301563	17654.0	0.0585416645941
chrX	145900001	146900001	317110	18190.0	0.0573617987449
chrX	146000001	147000001	314873	17925.0	0.0569277137131
chrX	146100001	147100001	340561	18781.0	0.0551472423442
chrX	146200001	147200001	340207	18469.0	0.0542875367056
chrX	146300001	147300001	358568	18805.0	0.0524447245711
chrX	146400001	147400001	359898	18520.0	0.0514590245014
chrX	146500001	147500001	359139	18211.0	0.0507073862766
chrX	146600001	147600001	384099	18934.0	0.049294582907
chrX	146700001	147700001	408710	19481.0	0.0476646032639
chrX	146800001	147800001	446362	20705.0	0.0463861170978
chrX	146900001	147900001	464301	21330.0	0.0459400259745
chrX	147000001	148000001	504347	23042.0	0.0456867989698
chrX	147100001	148100001	526983	23869.0	0.0452936812003
chrX	147200001	148200001	526500	23775.0	0.0451566951567
chrX	147300001	148300001	512603	23224.0	0.0453060165469
chrX	147400001	148400001	518837	23476.0	0.0452473512876
chrX	147500001	148500001	519710	23600.0	0.0454099401589
chrX	147600001	148600001	507239	23283.0	0.0459014389666
chrX	147700001	148700001	482819	23185.0	0.0480200654904
chrX	147800001	148800001	438282	21456.0	0.0489547825373
chrX	147900001	148900001	402279	20439.0	0.0508080212987
chrX	148000001	149000001	334800	17380.0	0.0519115890084
chrX	148100001	149100001	276412	15391.0	0.0556813741806
chrX	148200001	149200001	294130	16385.0	0.0557066603203
chrX	148300001	149300001	306669	16798.0	0.0547756701851
chrX	148400001	149400001	314831	17131.0	0.0544133201622
chrX	148500001	149500001	329702	17799.0	0.0539851138301
chrX	148600001	149600001	333411	17753.0	0.0532465935437
chrX	148700001	149700001	349289	17779.0	0.0509005436759
chrX	148800001	149800001	373351	18668.0	0.0500012053001
chrX	148900001	149900001	392804	18768.0	0.0477795541797
chrX	149000001	150000001	431279	20969.0	0.0486204985636
chrX	149100001	150100001	453638	21542.0	0.047487203453
chrX	149200001	150200001	443960	21097.0	0.0475200468511
chrX	149300001	150300001	420522	20122.0	0.0478500530293
chrX	149400001	150400001	397509	19101.0	0.0480517422247
chrX	149500001	150500001	393543	18883.0	0.0479820502461
chrX	149600001	150600001	391425	18736.0	0.0478661301654
chrX	149700001	150700001	364985	17388.0	0.0476403139855
chrX	149800001	150800001	356970	17047.0	0.0477547132812
chrX	149900001	150900001	364325	17843.0	0.0489755026419
chrX	150000001	151000001	375432	18386.0	0.0489729165335
chrX	150100001	151100001	368489	18377.0	0.0498712308916
chrX	150200001	151200001	370428	18555.0	0.0500907058862
chrX	150300001	151300001	378347	19199.0	0.0507444224482
chrX	150400001	151400001	386899	19743.0	0.0510288214754
chrX	150500001	151500001	365048	18772.0	0.0514233744603
chrX	150600001	151600001	351554	18287.0	0.0520176132258
chrX	150700001	151700001	341003	17877.0	0.0524247587265
chrX	150800001	151800001	335058	17569.0	0.0524356977001
chrX	150900001	151900001	328116	17925.0	0.0546300698533
chrX	151000001	152000001	319754	18274.0	0.0571501842041
chrX	151100001	152100001	345561	19618.0	0.056771452797
chrX	151200001	152200001	338984	19284.0	0.0568876407146
chrX	151300001	152300001	344688	19471.0	0.0564887666527
chrX	151400001	152400001	337547	19409.0	0.0575001407211
chrX	151500001	152500001	352313	20610.0	0.0584991186814
chrX	151600001	152600001	355732	21234.0	0.0596910033396
chrX	151700001	152700001	385864	22963.0	0.0595106047727
chrX	151800001	152800001	420774	25555.0	0.0607333152714
chrX	151900001	152900001	421381	25391.0	0.0602566323588
chrX	152000001	153000001	431723	25300.0	0.0586023908849
chrX	152100001	153100001	426158	25421.0	0.0596515846235
chrX	152200001	153200001	441800	26427.0	0.0598166591218
chrX	152300001	153300001	462723	27565.0	0.0595712769843
chrX	152400001	153400001	468462	27436.0	0.0585661163552
chrX	152500001	153500001	454693	26559.0	0.0584108398414
chrX	152600001	153600001	455681	26585.0	0.0583412518845
chrX	152700001	153700001	455473	26754.0	0.0587389373245
chrX	152800001	153800001	413552	24210.0	0.0585416102449
chrX	152900001	153900001	376782	22013.0	0.0584237038924
chrX	153000001	154000001	359342	20475.0	0.0569791452154
chrX	153100001	154100001	338589	18682.0	0.055176039387
chrX	153200001	154200001	312034	16865.0	0.0540485972682
chrX	153300001	154300001	291571	15409.0	0.0528481913496
chrX	153400001	154400001	286730	15090.0	0.0526279077878
chrX	153500001	154500001	298266	15188.0	0.0509209899888
chrX	153600001	154600001	280650	13783.0	0.0491109923392
chrX	153700001	154700001	232729	10976.0	0.0471621499684
chrX	153800001	154800001	221638	9970.0	0.0449832609932
chrX	153900001	154900001	217075	9553.0	0.0440078313947
chrX	154000001	155000001	199306	8675.0	0.0435260353426
chrX	154100001	155100001	191516	8264.0	0.0431504417385
chrX	154200001	155200001	173795	7479.0	0.0430334589603
