chrX	1	1000001	102256	3103.0	0.0303454076044
chrX	1000001	2000001	76401	1886.0	0.0246855407652
chrX	2000001	3000001	323358	5370.0	0.0166069804984
chrX	3000001	4000001	351105	10594.0	0.0301733099785
chrX	4000001	5000001	437903	5267.0	0.0120277778412
chrX	5000001	6000001	498372	5583.0	0.0112024752594
chrX	6000001	7000001	469908	4499.0	0.0095742145271
chrX	7000001	8000001	521655	4508.0	0.00864172681178
chrX	8000001	9000001	526128	5404.0	0.0102712647873
chrX	9000001	10000001	498158	4887.0	0.00981014055781
chrX	10000001	11000001	514537	4108.0	0.00798387676688
chrX	11000001	12000001	538208	4130.0	0.00767361317558
chrX	12000001	13000001	503972	4559.0	0.00904613748383
chrX	13000001	14000001	518057	4078.0	0.00787172067938
chrX	14000001	15000001	449260	3694.0	0.00822241018564
chrX	15000001	16000001	480360	4402.0	0.00916396036306
chrX	16000001	17000001	382694	3123.0	0.00816056692815
chrX	17000001	18000001	494116	3949.0	0.00799205044969
chrX	18000001	19000001	402742	3340.0	0.00829315045364
chrX	19000001	20000001	449201	3888.0	0.00865536808689
chrX	20000001	21000001	402323	3334.0	0.00828687397936
chrX	21000001	22000001	429982	3299.0	0.00767241419408
chrX	22000001	23000001	443908	5625.0	0.0126715445543
chrX	23000001	24000001	371918	4670.0	0.0125565312784
chrX	24000001	25000001	427939	3357.0	0.00784457597929
chrX	25000001	26000001	397124	3608.0	0.00908532347579
chrX	26000001	27000001	401393	3570.0	0.00889402655253
chrX	27000001	28000001	405679	3469.0	0.00855109581714
chrX	28000001	29000001	459719	4440.0	0.00965807373635
chrX	29000001	30000001	554437	6170.0	0.0111284059325
chrX	30000001	31000001	429653	3802.0	0.00884900140346
chrX	31000001	32000001	536789	6296.0	0.0117290033887
chrX	32000001	33000001	536801	9542.0	0.0177756747845
chrX	33000001	34000001	382533	4598.0	0.0120198780236
chrX	34000001	35000001	387862	4023.0	0.0103722457988
chrX	35000001	36000001	359837	3718.0	0.0103324560843
chrX	36000001	37000001	355990	3443.0	0.00967161998933
chrX	37000001	38000001	395784	4108.0	0.010379398864
chrX	38000001	39000001	454205	3920.0	0.0086304642177
chrX	39000001	40000001	448402	4000.0	0.00892056681282
chrX	40000001	41000001	329271	2848.0	0.00864941036411
chrX	41000001	42000001	389275	3383.0	0.00869051441783
chrX	42000001	43000001	346970	3459.0	0.00996916159899
chrX	43000001	44000001	409313	3565.0	0.00870971603638
chrX	44000001	45000001	339771	2835.0	0.00834385512595
chrX	45000001	46000001	314360	2746.0	0.00873520804174
chrX	46000001	47000001	327822	2568.0	0.00783351940992
chrX	47000001	48000001	254317	3007.0	0.0118238261697
chrX	48000001	49000001	283314	5916.0	0.0208814248502
chrX	49000001	50000001	352901	4218.0	0.011952360577
chrX	50000001	51000001	329185	3132.0	0.00951440679253
chrX	51000001	52000001	225559	2078.0	0.00921266719572
chrX	52000001	53000001	418071	5747.0	0.0137464689012
chrX	53000001	54000001	236536	1953.0	0.00825667128894
chrX	54000001	55000001	246078	1935.0	0.00786336039792
chrX	55000001	56000001	289535	2520.0	0.00870361096241
chrX	56000001	57000001	173769	2554.0	0.014697673348
chrX	57000001	58000001	128365	1348.0	0.0105013048728
chrX	58000001	59000001	5591	60.0	0.0107315328206
chrX	59000001	60000001	0	0.0	NA
chrX	60000001	61000001	0	0.0	NA
chrX	61000001	62000001	498	9.0	0.0180722891566
chrX	62000001	63000001	151737	1296.0	0.00854109412997
chrX	63000001	64000001	211875	1957.0	0.00923657817109
chrX	64000001	65000001	215407	1775.0	0.00824021503479
chrX	65000001	66000001	260825	2795.0	0.0107159973162
chrX	66000001	67000001	231327	2495.0	0.0107855978766
chrX	67000001	68000001	257147	2361.0	0.0091815187422
chrX	68000001	69000001	353426	3188.0	0.00902027581446
chrX	69000001	70000001	311233	2335.0	0.00750241780274
chrX	70000001	71000001	289797	2819.0	0.00972749890441
chrX	71000001	72000001	327497	2864.0	0.00874511827589
chrX	72000001	73000001	165878	1261.0	0.00760197253403
chrX	73000001	74000001	289559	2318.0	0.00800527699018
chrX	74000001	75000001	219272	1827.0	0.00833211718779
chrX	75000001	76000001	92175	944.0	0.0102413886629
chrX	76000001	77000001	176480	1618.0	0.00916817769719
chrX	77000001	78000001	238372	1910.0	0.00801268605373
chrX	78000001	79000001	254279	2673.0	0.0105120753188
chrX	79000001	80000001	202312	1947.0	0.00962374945629
chrX	80000001	81000001	234513	2406.0	0.0102595591716
chrX	81000001	82000001	184194	2156.0	0.0117050501102
chrX	82000001	83000001	202954	2000.0	0.0098544497768
chrX	83000001	84000001	259892	2438.0	0.00938081972512
chrX	84000001	85000001	278996	2606.0	0.00934063570804
chrX	85000001	86000001	386396	3337.0	0.00863621776623
chrX	86000001	87000001	268796	3174.0	0.0118082114317
chrX	87000001	88000001	259883	3077.0	0.0118399433591
chrX	88000001	89000001	227711	2572.0	0.011295018686
chrX	89000001	90000001	220359	2489.0	0.0112952046433
chrX	90000001	91000001	230208	2478.0	0.0107641784821
chrX	91000001	92000001	439522	4594.0	0.0104522640505
chrX	92000001	93000001	271879	3123.0	0.0114867275516
chrX	93000001	94000001	281450	3031.0	0.0107692307692
chrX	94000001	95000001	236758	2568.0	0.0108465183859
chrX	95000001	96000001	353625	3102.0	0.00877200424178
chrX	96000001	97000001	542222	3962.0	0.00730697020777
chrX	97000001	98000001	354220	3085.0	0.00870927672068
chrX	98000001	99000001	285445	2682.0	0.0093958555939
chrX	99000001	100000001	391200	3178.0	0.00812372188139
chrX	100000001	101000001	339319	2474.0	0.00729107418093
chrX	101000001	102000001	310102	2481.0	0.00800059335315
chrX	102000001	103000001	375606	2951.0	0.00785663700793
chrX	103000001	104000001	377898	5490.0	0.0145277297048
chrX	104000001	105000001	414577	3694.0	0.00891028687071
chrX	105000001	106000001	351081	3081.0	0.0087757526041
chrX	106000001	107000001	377988	2761.0	0.007304464692
chrX	107000001	108000001	423756	3081.0	0.0072706935123
chrX	108000001	109000001	264026	2273.0	0.00860900062873
chrX	109000001	110000001	410518	3146.0	0.0076634885681
chrX	110000001	111000001	440500	3049.0	0.00692167990919
chrX	111000001	112000001	381922	3559.0	0.00931865668906
chrX	112000001	113000001	321023	2833.0	0.00882491285671
chrX	113000001	114000001	347259	3500.0	0.0100789324395
chrX	114000001	115000001	414303	3910.0	0.00943753726138
chrX	115000001	116000001	230757	2915.0	0.0126323361805
chrX	116000001	117000001	281420	2881.0	0.0102373676356
chrX	117000001	118000001	421006	3394.0	0.00806164282694
chrX	118000001	119000001	337197	3048.0	0.00903922632764
chrX	119000001	120000001	350714	2909.0	0.00829450777557
chrX	120000001	121000001	291946	3057.0	0.0104711145212
chrX	121000001	122000001	234005	2751.0	0.0117561590564
chrX	122000001	123000001	429665	3524.0	0.00820173856376
chrX	123000001	124000001	448164	4159.0	0.0092800849689
chrX	124000001	125000001	376168	3301.0	0.00877533442504
chrX	125000001	126000001	283049	2704.0	0.00955311624489
chrX	126000001	127000001	239953	2564.0	0.0106854258959
chrX	127000001	128000001	290527	2451.0	0.00843639317516
chrX	128000001	129000001	405434	3607.0	0.00889663915705
chrX	129000001	130000001	403509	3062.0	0.0075884304935
chrX	130000001	131000001	372922	2998.0	0.0080392146347
chrX	131000001	132000001	479055	3492.0	0.0072893509096
chrX	132000001	133000001	496471	3449.0	0.00694703215294
chrX	133000001	134000001	417240	2767.0	0.00663167481545
chrX	134000001	135000001	372043	4136.0	0.011116994541
chrX	135000001	136000001	412924	3414.0	0.00826786527303
chrX	136000001	137000001	382654	3341.0	0.00873112524631
chrX	137000001	138000001	392706	4081.0	0.0103919980851
chrX	138000001	139000001	404387	3582.0	0.00885785151353
chrX	139000001	140000001	336947	3123.0	0.00926851997495
chrX	140000001	141000001	297722	4505.0	0.0151315656888
chrX	141000001	142000001	320837	4109.0	0.0128071263601
chrX	142000001	143000001	334596	3982.0	0.0119009193176
chrX	143000001	144000001	266325	3469.0	0.0130254388435
chrX	144000001	145000001	329366	3839.0	0.0116557264563
chrX	145000001	146000001	310409	3945.0	0.0127090387199
chrX	146000001	147000001	321429	4352.0	0.0135395375028
chrX	147000001	148000001	475944	4342.0	0.00912292202444
chrX	148000001	149000001	350837	3727.0	0.0106231668838
chrX	149000001	150000001	416494	4011.0	0.00963039083396
chrX	150000001	151000001	343477	3669.0	0.0106819379464
chrX	151000001	152000001	306815	4213.0	0.013731401659
chrX	152000001	153000001	405890	5216.0	0.0128507723768
chrX	153000001	154000001	432586	4235.0	0.00978996084016
chrX	154000001	155000001	237276	1818.0	0.00766196328327
