chrX	1	100001	1555	65.0	0.0418006430868
chrX	100001	200001	8802	340.0	0.0386275846399
chrX	200001	300001	528	28.0	0.0530303030303
chrX	300001	400001	13042	382.0	0.0292899861984
chrX	400001	500001	24168	659.0	0.0272674611056
chrX	500001	600001	5527	158.0	0.0285869368554
chrX	600001	700001	2227	61.0	0.0273911091154
chrX	700001	800001	12482	276.0	0.0221118410511
chrX	800001	900001	25577	643.0	0.0251397740157
chrX	900001	1000001	8348	491.0	0.0588164829899
chrX	1000001	1100001	11007	257.0	0.0233487780503
chrX	1100001	1200001	7151	185.0	0.0258705076213
chrX	1200001	1300001	11913	331.0	0.0277847729371
chrX	1300001	1400001	9168	198.0	0.0215968586387
chrX	1400001	1500001	10986	240.0	0.0218459858001
chrX	1500001	1600001	10967	330.0	0.0300902708124
chrX	1600001	1700001	2744	79.0	0.0287900874636
chrX	1700001	1800001	1950	58.0	0.0297435897436
chrX	1800001	1900001	2162	39.0	0.018038852914
chrX	1900001	2000001	8353	169.0	0.0202322518856
chrX	2000001	2100001	19380	481.0	0.0248194014448
chrX	2100001	2200001	20008	384.0	0.0191923230708
chrX	2200001	2300001	28057	553.0	0.0197098763232
chrX	2300001	2400001	31868	669.0	0.0209928454876
chrX	2400001	2500001	37429	634.0	0.0169387373427
chrX	2500001	2600001	44735	725.0	0.0162065496815
chrX	2600001	2700001	46211	762.0	0.0164895804029
chrX	2700001	2800001	42088	565.0	0.0134242539441
chrX	2800001	2900001	23461	296.0	0.0126166830058
chrX	2900001	3000001	30121	301.0	0.00999302811992
chrX	3000001	3100001	0	0.0	NA
chrX	3100001	3200001	0	0.0	NA
chrX	3200001	3300001	0	0.0	NA
chrX	3300001	3400001	31323	539.0	0.0172078025732
chrX	3400001	3500001	38148	521.0	0.0136573345916
chrX	3500001	3600001	33239	494.0	0.0148620596287
chrX	3600001	3700001	36827	419.0	0.0113775219268
chrX	3700001	3800001	41624	592.0	0.0142225639054
chrX	3800001	3900001	38369	471.0	0.0122755349371
chrX	3900001	4000001	43305	409.0	0.00944463687796
chrX	4000001	4100001	41481	479.0	0.0115474554615
chrX	4100001	4200001	44036	638.0	0.0144881460623
chrX	4200001	4300001	43327	473.0	0.010916980174
chrX	4300001	4400001	47961	487.0	0.0101540835262
chrX	4400001	4500001	40892	521.0	0.0127408784114
chrX	4500001	4600001	43596	524.0	0.0120194513258
chrX	4600001	4700001	43747	524.0	0.0119779642033
chrX	4700001	4800001	37963	446.0	0.0117482812212
chrX	4800001	4900001	47742	557.0	0.0116668761258
chrX	4900001	5000001	47158	618.0	0.0131048814623
chrX	5000001	5100001	40295	562.0	0.0139471398437
chrX	5100001	5200001	51169	594.0	0.0116085911392
chrX	5200001	5300001	43260	507.0	0.0117198335645
chrX	5300001	5400001	44472	625.0	0.0140537866523
chrX	5400001	5500001	44009	587.0	0.0133381808266
chrX	5500001	5600001	47484	593.0	0.012488417151
chrX	5600001	5700001	51064	500.0	0.00979163402789
chrX	5700001	5800001	54199	484.0	0.00893005406004
chrX	5800001	5900001	64428	549.0	0.00852113987707
chrX	5900001	6000001	57992	582.0	0.0100358670161
chrX	6000001	6100001	57924	520.0	0.00897728057455
chrX	6100001	6200001	55443	731.0	0.013184712227
chrX	6200001	6300001	41342	445.0	0.0107638720913
chrX	6300001	6400001	49738	485.0	0.00975109574169
chrX	6400001	6500001	48543	557.0	0.011474362936
chrX	6500001	6600001	33919	298.0	0.008785636369
chrX	6600001	6700001	36665	307.0	0.00837310786854
chrX	6700001	6800001	48260	407.0	0.00843348528802
chrX	6800001	6900001	44146	345.0	0.00781497757441
chrX	6900001	7000001	53928	404.0	0.00749147010829
chrX	7000001	7100001	48517	471.0	0.009707937424
chrX	7100001	7200001	52391	406.0	0.00774942261075
chrX	7200001	7300001	60059	478.0	0.00795884047353
chrX	7300001	7400001	60492	445.0	0.00735634464061
chrX	7400001	7500001	51568	372.0	0.00721377598511
chrX	7500001	7600001	52519	501.0	0.00953940478684
chrX	7600001	7700001	23242	178.0	0.00765854917821
chrX	7700001	7800001	56451	543.0	0.0096189615773
chrX	7800001	7900001	59395	578.0	0.00973145887701
chrX	7900001	8000001	57021	536.0	0.00940004559724
chrX	8000001	8100001	56250	538.0	0.00956444444444
chrX	8100001	8200001	49791	613.0	0.0123114619108
chrX	8200001	8300001	59880	451.0	0.00753173012692
chrX	8300001	8400001	61653	634.0	0.010283360096
chrX	8400001	8500001	54597	692.0	0.0126746890855
chrX	8500001	8600001	55421	572.0	0.0103209974558
chrX	8600001	8700001	55147	515.0	0.00933867662792
chrX	8700001	8800001	36148	412.0	0.011397587695
chrX	8800001	8900001	58064	562.0	0.00967897492422
chrX	8900001	9000001	39177	415.0	0.0105929499451
chrX	9000001	9100001	49983	410.0	0.00820278894824
chrX	9100001	9200001	54429	479.0	0.00880045563946
chrX	9200001	9300001	58378	603.0	0.0103292336154
chrX	9300001	9400001	39816	378.0	0.00949367088608
chrX	9400001	9500001	46736	402.0	0.00860150633345
chrX	9500001	9600001	63308	615.0	0.00971441208062
chrX	9600001	9700001	59442	639.0	0.0107499747653
chrX	9700001	9800001	45125	450.0	0.00997229916898
chrX	9800001	9900001	48616	586.0	0.0120536448906
chrX	9900001	10000001	32325	325.0	0.0100541376643
chrX	10000001	10100001	63555	604.0	0.00950357957674
chrX	10100001	10200001	42961	372.0	0.00865901631712
chrX	10200001	10300001	47330	481.0	0.0101626875132
chrX	10300001	10400001	54297	404.0	0.00744055841023
chrX	10400001	10500001	61771	474.0	0.00767350374771
chrX	10500001	10600001	63683	421.0	0.00661086946281
chrX	10600001	10700001	50249	351.0	0.00698521363609
chrX	10700001	10800001	27591	211.0	0.00764742126056
chrX	10800001	10900001	50563	436.0	0.00862290607757
chrX	10900001	11000001	52537	354.0	0.00673810838076
chrX	11000001	11100001	43992	291.0	0.00661483906165
chrX	11100001	11200001	58080	446.0	0.00767906336088
chrX	11200001	11300001	60003	578.0	0.00963285169075
chrX	11300001	11400001	60311	506.0	0.00838984596508
chrX	11400001	11500001	63071	479.0	0.00759461559195
chrX	11500001	11600001	48539	405.0	0.00834380601166
chrX	11600001	11700001	57267	405.0	0.00707213578501
chrX	11700001	11800001	55363	393.0	0.00709860376063
chrX	11800001	11900001	48097	322.0	0.00669480424975
chrX	11900001	12000001	43485	305.0	0.00701391284351
chrX	12000001	12100001	48004	380.0	0.00791600699942
chrX	12100001	12200001	50192	430.0	0.00856710232706
chrX	12200001	12300001	54564	424.0	0.00777069129829
chrX	12300001	12400001	69185	560.0	0.00809424008094
chrX	12400001	12500001	58074	581.0	0.0100044770465
chrX	12500001	12600001	45856	436.0	0.00950802512212
chrX	12600001	12700001	51473	494.0	0.00959726458532
chrX	12700001	12800001	51330	482.0	0.00939022014417
chrX	12800001	12900001	37430	379.0	0.0101255677264
chrX	12900001	13000001	37864	393.0	0.01037925206
chrX	13000001	13100001	60958	447.0	0.00733291774665
chrX	13100001	13200001	49366	353.0	0.00715067050196
chrX	13200001	13300001	44351	437.0	0.00985321638745
chrX	13300001	13400001	59705	616.0	0.0103173938531
chrX	13400001	13500001	42029	354.0	0.00842275571629
chrX	13500001	13600001	47385	357.0	0.00753402975625
chrX	13600001	13700001	47532	330.0	0.00694269123959
chrX	13700001	13800001	57553	405.0	0.00703699198999
chrX	13800001	13900001	57150	429.0	0.00750656167979
chrX	13900001	14000001	52028	350.0	0.00672714692089
chrX	14000001	14100001	45337	360.0	0.0079405342215
chrX	14100001	14200001	40955	389.0	0.00949822976438
chrX	14200001	14300001	42730	322.0	0.00753568921133
chrX	14300001	14400001	39208	356.0	0.00907977963681
chrX	14400001	14500001	42023	341.0	0.00811460390738
chrX	14500001	14600001	57186	406.0	0.00709963977197
chrX	14600001	14700001	55379	415.0	0.00749381534517
chrX	14700001	14800001	38012	334.0	0.00878669893718
chrX	14800001	14900001	42992	351.0	0.008164309639
chrX	14900001	15000001	45438	420.0	0.00924336458471
chrX	15000001	15100001	38998	342.0	0.00876968049644
chrX	15100001	15200001	45274	511.0	0.0112868312939
chrX	15200001	15300001	49723	420.0	0.00844679524566
chrX	15300001	15400001	53855	384.0	0.00713025717204
chrX	15400001	15500001	51657	343.0	0.00663995199102
chrX	15500001	15600001	53825	497.0	0.00923362749652
chrX	15600001	15700001	54491	706.0	0.0129562680076
chrX	15700001	15800001	44610	505.0	0.0113203317642
chrX	15800001	15900001	48784	358.0	0.00733847163004
chrX	15900001	16000001	39143	336.0	0.0085839102777
chrX	16000001	16100001	37981	230.0	0.00605565940865
chrX	16100001	16200001	48346	379.0	0.00783932486659
chrX	16200001	16300001	31711	326.0	0.01028034436
chrX	16300001	16400001	31958	311.0	0.00973152262344
chrX	16400001	16500001	43875	366.0	0.00834188034188
chrX	16500001	16600001	29936	279.0	0.00931988241582
chrX	16600001	16700001	45091	289.0	0.00640926127165
chrX	16700001	16800001	34446	292.0	0.00847703652093
chrX	16800001	16900001	48278	369.0	0.00764323294254
chrX	16900001	17000001	31072	282.0	0.00907569515963
chrX	17000001	17100001	55803	408.0	0.00731143486909
chrX	17100001	17200001	46976	417.0	0.008876873297
chrX	17200001	17300001	33766	239.0	0.00707812592549
chrX	17300001	17400001	36049	400.0	0.011096008211
chrX	17400001	17500001	58302	377.0	0.00646633048609
chrX	17500001	17600001	49950	422.0	0.00844844844845
chrX	17600001	17700001	66767	380.0	0.00569143439124
chrX	17700001	17800001	53243	490.0	0.00920308772984
chrX	17800001	17900001	55313	444.0	0.0080270460832
chrX	17900001	18000001	37947	372.0	0.00980314649379
chrX	18000001	18100001	50915	441.0	0.00866149464794
chrX	18100001	18200001	41054	345.0	0.00840356603498
chrX	18200001	18300001	32085	275.0	0.00857098332554
chrX	18300001	18400001	32971	312.0	0.00946286130236
chrX	18400001	18500001	37787	292.0	0.0077275253394
chrX	18500001	18600001	44319	302.0	0.00681423317313
chrX	18600001	18700001	52865	369.0	0.00698004350705
chrX	18700001	18800001	37802	373.0	0.0098672027935
chrX	18800001	18900001	22735	206.0	0.00906091928744
chrX	18900001	19000001	50209	425.0	0.00846461789719
chrX	19000001	19100001	49537	377.0	0.00761047297979
chrX	19100001	19200001	38510	361.0	0.00937418852246
chrX	19200001	19300001	37501	417.0	0.0111197034746
chrX	19300001	19400001	44796	421.0	0.00939816055005
chrX	19400001	19500001	26867	286.0	0.010645029218
chrX	19500001	19600001	48984	419.0	0.00855381349012
chrX	19600001	19700001	58506	427.0	0.00729839674563
chrX	19700001	19800001	56716	487.0	0.00858664221736
chrX	19800001	19900001	44375	335.0	0.00754929577465
chrX	19900001	20000001	43409	358.0	0.00824713769034
chrX	20000001	20100001	48222	358.0	0.00742399734561
chrX	20100001	20200001	47761	403.0	0.00843784677875
chrX	20200001	20300001	46873	317.0	0.00676295521942
chrX	20300001	20400001	41542	385.0	0.0092677290453
chrX	20400001	20500001	43308	341.0	0.00787383393368
chrX	20500001	20600001	39414	395.0	0.010021819658
chrX	20600001	20700001	40285	327.0	0.00811716519796
chrX	20700001	20800001	22793	191.0	0.00837976571754
chrX	20800001	20900001	32152	264.0	0.00821099776064
chrX	20900001	21000001	39973	353.0	0.00883096089861
chrX	21000001	21100001	20429	174.0	0.00851730383279
chrX	21100001	21200001	41027	330.0	0.00804348355961
chrX	21200001	21300001	22797	171.0	0.00750098697197
chrX	21300001	21400001	29515	223.0	0.00755548026427
chrX	21400001	21500001	55496	431.0	0.00776632550094
chrX	21500001	21600001	52820	427.0	0.00808405906853
chrX	21600001	21700001	65542	440.0	0.00671325257087
chrX	21700001	21800001	55238	399.0	0.00722328831601
chrX	21800001	21900001	46152	362.0	0.00784364707922
chrX	21900001	22000001	40966	342.0	0.00834838646683
chrX	22000001	22100001	45172	456.0	0.0100947489595
chrX	22100001	22200001	48517	520.0	0.0107178926974
chrX	22200001	22300001	47301	571.0	0.0120716263927
chrX	22300001	22400001	45294	642.0	0.0141740627898
chrX	22400001	22500001	40051	536.0	0.0133829367556
chrX	22500001	22600001	46220	681.0	0.0147338814366
chrX	22600001	22700001	43655	575.0	0.0131714580231
chrX	22700001	22800001	43684	593.0	0.0135747642157
chrX	22800001	22900001	34233	474.0	0.0138462886688
chrX	22900001	23000001	49781	577.0	0.0115907675619
chrX	23000001	23100001	36409	377.0	0.0103545826581
chrX	23100001	23200001	45469	601.0	0.0132177967406
chrX	23200001	23300001	37803	538.0	0.0142316747348
chrX	23300001	23400001	57673	769.0	0.0133337957103
chrX	23400001	23500001	37049	604.0	0.0163027342168
chrX	23500001	23600001	23645	352.0	0.0148868682597
chrX	23600001	23700001	44091	576.0	0.0130638905899
chrX	23700001	23800001	29227	310.0	0.010606630855
chrX	23800001	23900001	32872	279.0	0.00848746653687
chrX	23900001	24000001	27680	264.0	0.00953757225434
chrX	24000001	24100001	38984	377.0	0.0096706341063
chrX	24100001	24200001	21216	158.0	0.00744720965309
chrX	24200001	24300001	29480	236.0	0.00800542740841
chrX	24300001	24400001	37872	399.0	0.0105354879594
chrX	24400001	24500001	35370	288.0	0.00814249363868
chrX	24500001	24600001	53290	437.0	0.00820041283543
chrX	24600001	24700001	39467	307.0	0.00777865051815
chrX	24700001	24800001	47227	338.0	0.00715692294662
chrX	24800001	24900001	67178	434.0	0.00646044836107
chrX	24900001	25000001	57855	383.0	0.00661999827154
chrX	25000001	25100001	52445	326.0	0.00621603584708
chrX	25100001	25200001	38058	270.0	0.00709443481003
chrX	25200001	25300001	42040	313.0	0.00744529019981
chrX	25300001	25400001	28507	258.0	0.00905040867155
chrX	25400001	25500001	42417	419.0	0.00987811490676
chrX	25500001	25600001	44274	429.0	0.00968965984551
chrX	25600001	25700001	39381	421.0	0.0106904344735
chrX	25700001	25800001	43822	510.0	0.0116379900507
chrX	25800001	25900001	40052	388.0	0.00968740637172
chrX	25900001	26000001	26128	274.0	0.0104868340478
chrX	26000001	26100001	37810	445.0	0.0117693731817
chrX	26100001	26200001	41783	521.0	0.0124691860326
chrX	26200001	26300001	47258	395.0	0.00835837318549
chrX	26300001	26400001	32753	255.0	0.00778554636217
chrX	26400001	26500001	52306	318.0	0.00607960845792
chrX	26500001	26600001	42348	276.0	0.00651742703315
chrX	26600001	26700001	33981	325.0	0.00956416821165
chrX	26700001	26800001	39171	344.0	0.00878200709709
chrX	26800001	26900001	32433	284.0	0.00875651342768
chrX	26900001	27000001	41550	407.0	0.00979542719615
chrX	27000001	27100001	36893	426.0	0.0115469059171
chrX	27100001	27200001	53036	384.0	0.00724036503507
chrX	27200001	27300001	46888	362.0	0.00772052550759
chrX	27300001	27400001	22855	186.0	0.00813826296215
chrX	27400001	27500001	47206	397.0	0.00840994788798
chrX	27500001	27600001	35952	315.0	0.00876168224299
chrX	27600001	27700001	38103	365.0	0.00957929821799
chrX	27700001	27800001	35994	241.0	0.00669556037117
chrX	27800001	27900001	40832	348.0	0.00852272727273
chrX	27900001	28000001	47920	445.0	0.00928631051753
chrX	28000001	28100001	48220	462.0	0.00958108668602
chrX	28100001	28200001	41006	333.0	0.0081207628152
chrX	28200001	28300001	38654	347.0	0.00897707869819
chrX	28300001	28400001	38186	307.0	0.00803959566333
chrX	28400001	28500001	32744	293.0	0.00894820425116
chrX	28500001	28600001	45926	408.0	0.00888385663894
chrX	28600001	28700001	65466	569.0	0.00869153453701
chrX	28700001	28800001	49138	587.0	0.011945948146
chrX	28800001	28900001	54982	578.0	0.0105125313739
chrX	28900001	29000001	45397	556.0	0.0122475053418
chrX	29000001	29100001	60154	672.0	0.0111713269276
chrX	29100001	29200001	54362	628.0	0.0115521871896
chrX	29200001	29300001	59911	583.0	0.00973110113335
chrX	29300001	29400001	42906	531.0	0.0123758914837
chrX	29400001	29500001	56636	623.0	0.0110000706265
chrX	29500001	29600001	49294	525.0	0.0106503834138
chrX	29600001	29700001	47354	584.0	0.0123326434937
chrX	29700001	29800001	59272	813.0	0.0137164259684
chrX	29800001	29900001	58721	632.0	0.0107627594898
chrX	29900001	30000001	65827	579.0	0.00879578288544
chrX	30000001	30100001	34806	388.0	0.011147503304
chrX	30100001	30200001	40099	352.0	0.00877827377241
chrX	30200001	30300001	56445	497.0	0.00880503144654
chrX	30300001	30400001	40589	396.0	0.00975633792407
chrX	30400001	30500001	49412	568.0	0.0114951833563
chrX	30500001	30600001	38795	344.0	0.00886712205181
chrX	30600001	30700001	43152	373.0	0.00864386355209
chrX	30700001	30800001	45440	295.0	0.00649207746479
chrX	30800001	30900001	40791	277.0	0.00679071363781
chrX	30900001	31000001	40124	312.0	0.00777589472635
chrX	31000001	31100001	34460	455.0	0.0132037144515
chrX	31100001	31200001	57349	711.0	0.0123977750266
chrX	31200001	31300001	61756	760.0	0.0123064965347
chrX	31300001	31400001	58606	657.0	0.0112104562673
chrX	31400001	31500001	54498	509.0	0.00933979228596
chrX	31500001	31600001	54987	561.0	0.0102024114791
chrX	31600001	31700001	62210	685.0	0.0110110914644
chrX	31700001	31800001	53351	587.0	0.011002605387
chrX	31800001	31900001	48081	582.0	0.0121045735322
chrX	31900001	32000001	51491	789.0	0.0153230661669
chrX	32000001	32100001	59002	995.0	0.0168638351242
chrX	32100001	32200001	61093	929.0	0.0152063247835
chrX	32200001	32300001	52108	787.0	0.0151032471022
chrX	32300001	32400001	64271	1146.0	0.0178307479267
chrX	32400001	32500001	54704	1105.0	0.0201996197719
chrX	32500001	32600001	54610	1073.0	0.019648416041
chrX	32600001	32700001	44696	877.0	0.0196214426347
chrX	32700001	32800001	43980	919.0	0.0208958617553
chrX	32800001	32900001	46759	884.0	0.018905451357
chrX	32900001	33000001	55578	827.0	0.0148799884847
chrX	33000001	33100001	52236	681.0	0.0130369859867
chrX	33100001	33200001	58202	727.0	0.0124909796914
chrX	33200001	33300001	46360	761.0	0.0164150129422
chrX	33300001	33400001	43263	486.0	0.0112336176409
chrX	33400001	33500001	29534	310.0	0.010496377057
chrX	33500001	33600001	20384	189.0	0.00927197802198
chrX	33600001	33700001	40679	367.0	0.00902185402788
chrX	33700001	33800001	33129	361.0	0.0108967973679
chrX	33800001	33900001	28404	335.0	0.0117941135051
chrX	33900001	34000001	30342	381.0	0.0125568518885
chrX	34000001	34100001	37502	445.0	0.0118660338115
chrX	34100001	34200001	30269	307.0	0.0101423899039
chrX	34200001	34300001	34110	300.0	0.00879507475814
chrX	34300001	34400001	46034	461.0	0.010014337229
chrX	34400001	34500001	30065	426.0	0.0141692998503
chrX	34500001	34600001	40775	403.0	0.00988350705089
chrX	34600001	34700001	53449	458.0	0.00856891616307
chrX	34700001	34800001	39981	420.0	0.0105049898702
chrX	34800001	34900001	33672	380.0	0.0112853409361
chrX	34900001	35000001	42005	423.0	0.0100702297346
chrX	35000001	35100001	36606	504.0	0.0137682347156
chrX	35100001	35200001	40546	317.0	0.00781828047156
chrX	35200001	35300001	31641	331.0	0.0104611105844
chrX	35300001	35400001	31017	237.0	0.00764097108038
chrX	35400001	35500001	36812	313.0	0.00850266217538
chrX	35500001	35600001	39151	335.0	0.00855661413502
chrX	35600001	35700001	33833	416.0	0.0122956876422
chrX	35700001	35800001	37995	482.0	0.012685879721
chrX	35800001	35900001	39817	414.0	0.0103975688776
chrX	35900001	36000001	32419	369.0	0.0113822141337
chrX	36000001	36100001	38162	364.0	0.00953828415701
chrX	36100001	36200001	33767	384.0	0.0113720496343
chrX	36200001	36300001	43485	439.0	0.0100954352075
chrX	36300001	36400001	53220	441.0	0.00828635851184
chrX	36400001	36500001	30381	313.0	0.0103024916889
chrX	36500001	36600001	42893	362.0	0.00843960553004
chrX	36600001	36700001	29137	403.0	0.0138312111748
chrX	36700001	36800001	14689	189.0	0.0128667710532
chrX	36800001	36900001	35879	311.0	0.00866802307757
chrX	36900001	37000001	34377	237.0	0.00689414434069
chrX	37000001	37100001	35676	533.0	0.0149400156968
chrX	37100001	37200001	18436	189.0	0.0102516814927
chrX	37200001	37300001	38010	314.0	0.00826098395159
chrX	37300001	37400001	33676	458.0	0.0136001900463
chrX	37400001	37500001	45662	566.0	0.0123954272699
chrX	37500001	37600001	54424	420.0	0.00771718359547
chrX	37600001	37700001	45882	485.0	0.0105705941328
chrX	37700001	37800001	39997	442.0	0.0110508288122
chrX	37800001	37900001	33241	263.0	0.00791191600734
chrX	37900001	38000001	50780	438.0	0.00862544308783
chrX	38000001	38100001	50317	370.0	0.0073533795735
chrX	38100001	38200001	43906	486.0	0.0110691021728
chrX	38200001	38300001	44649	401.0	0.00898116419181
chrX	38300001	38400001	37199	312.0	0.00838732223985
chrX	38400001	38500001	52608	396.0	0.00752737226277
chrX	38500001	38600001	47486	416.0	0.0087604767721
chrX	38600001	38700001	46021	367.0	0.00797462028205
chrX	38700001	38800001	51861	410.0	0.00790574805731
chrX	38800001	38900001	46220	436.0	0.00943314582432
chrX	38900001	39000001	33938	326.0	0.0096057516648
chrX	39000001	39100001	47632	418.0	0.00877561303325
chrX	39100001	39200001	39786	355.0	0.00892273664103
chrX	39200001	39300001	42537	344.0	0.00808707713285
chrX	39300001	39400001	44307	408.0	0.00920847721579
chrX	39400001	39500001	38348	392.0	0.0102221758631
chrX	39500001	39600001	44889	386.0	0.00859898861636
chrX	39600001	39700001	43372	340.0	0.00783915890436
chrX	39700001	39800001	51712	522.0	0.0100943688119
chrX	39800001	39900001	42219	372.0	0.00881119874938
chrX	39900001	40000001	53600	463.0	0.00863805970149
chrX	40000001	40100001	43596	316.0	0.00724837141022
chrX	40100001	40200001	30647	259.0	0.00845107188306
chrX	40200001	40300001	25836	289.0	0.0111859420963
chrX	40300001	40400001	37265	343.0	0.00920434724272
chrX	40400001	40500001	42747	332.0	0.00776662689779
chrX	40500001	40600001	44408	352.0	0.00792649972978
chrX	40600001	40700001	22819	183.0	0.00801963276217
chrX	40700001	40800001	25509	197.0	0.00772276451449
chrX	40800001	40900001	22430	272.0	0.0121266161391
chrX	40900001	41000001	34014	305.0	0.00896689598401
chrX	41000001	41100001	47979	347.0	0.0072323308114
chrX	41100001	41200001	30823	271.0	0.00879213574279
chrX	41200001	41300001	27656	239.0	0.00864188602835
chrX	41300001	41400001	41196	350.0	0.00849597048257
chrX	41400001	41500001	47392	388.0	0.00818703578663
chrX	41500001	41600001	39453	319.0	0.0080855701721
chrX	41600001	41700001	33102	331.0	0.0099993958069
chrX	41700001	41800001	47579	464.0	0.00975220160155
chrX	41800001	41900001	35377	357.0	0.0100913022585
chrX	41900001	42000001	38718	317.0	0.0081874063743
chrX	42000001	42100001	41317	387.0	0.00936660454534
chrX	42100001	42200001	28403	242.0	0.00852022673661
chrX	42200001	42300001	33119	330.0	0.00996406896343
chrX	42300001	42400001	39910	353.0	0.00884490102731
chrX	42400001	42500001	31666	416.0	0.0131371186762
chrX	42500001	42600001	36916	388.0	0.0105103478167
chrX	42600001	42700001	33952	370.0	0.010897737983
chrX	42700001	42800001	33552	280.0	0.00834525512637
chrX	42800001	42900001	27744	251.0	0.0090470011534
chrX	42900001	43000001	40391	442.0	0.0109430318635
chrX	43000001	43100001	35273	352.0	0.00997930428373
chrX	43100001	43200001	21950	182.0	0.00829157175399
chrX	43200001	43300001	23272	197.0	0.00846510828463
chrX	43300001	43400001	33795	303.0	0.00896582334665
chrX	43400001	43500001	34964	279.0	0.00797963619723
chrX	43500001	43600001	46379	458.0	0.00987515901593
chrX	43600001	43700001	57468	481.0	0.00836987540892
chrX	43700001	43800001	54472	438.0	0.00804082831546
chrX	43800001	43900001	61896	484.0	0.00781956830813
chrX	43900001	44000001	39844	391.0	0.00981327175986
chrX	44000001	44100001	43761	264.0	0.00603276890382
chrX	44100001	44200001	45496	297.0	0.00652804642166
chrX	44200001	44300001	22495	214.0	0.00951322516115
chrX	44300001	44400001	33534	275.0	0.00820063219419
chrX	44400001	44500001	18978	176.0	0.00927389609021
chrX	44500001	44600001	27313	234.0	0.00856734888149
chrX	44600001	44700001	24351	235.0	0.00965052769907
chrX	44700001	44800001	32998	290.0	0.00878841141887
chrX	44800001	44900001	43138	392.0	0.009087115768
chrX	44900001	45000001	47707	458.0	0.00960026830444
chrX	45000001	45100001	35400	429.0	0.0121186440678
chrX	45100001	45200001	20800	199.0	0.00956730769231
chrX	45200001	45300001	21063	188.0	0.00892560413996
chrX	45300001	45400001	28494	188.0	0.00659788025549
chrX	45400001	45500001	21208	204.0	0.0096190116937
chrX	45500001	45600001	34848	312.0	0.00895316804408
chrX	45600001	45700001	59602	436.0	0.00731519076541
chrX	45700001	45800001	46852	370.0	0.00789720823017
chrX	45800001	45900001	30137	279.0	0.00925772306467
chrX	45900001	46000001	15956	141.0	0.00883680120331
chrX	46000001	46100001	26415	200.0	0.00757145561234
chrX	46100001	46200001	33037	262.0	0.00793050216424
chrX	46200001	46300001	25770	255.0	0.00989522700815
chrX	46300001	46400001	23232	229.0	0.00985709366391
chrX	46400001	46500001	44471	400.0	0.00899462571114
chrX	46500001	46600001	44570	301.0	0.00675342158403
chrX	46600001	46700001	29054	218.0	0.00750326977353
chrX	46700001	46800001	35380	224.0	0.00633126059921
chrX	46800001	46900001	38801	290.0	0.00747403417438
chrX	46900001	47000001	27092	189.0	0.00697622914514
chrX	47000001	47100001	32868	304.0	0.00924911768285
chrX	47100001	47200001	22643	285.0	0.0125866713775
chrX	47200001	47300001	10792	85.0	0.007876204596
chrX	47300001	47400001	24121	187.0	0.00775258073878
chrX	47400001	47500001	38925	295.0	0.00757867694284
chrX	47500001	47600001	23181	209.0	0.00901600448643
chrX	47600001	47700001	23038	221.0	0.00959284660127
chrX	47700001	47800001	20633	169.0	0.00819076237096
chrX	47800001	47900001	31392	336.0	0.0107033639144
chrX	47900001	48000001	0	0.0	NA
chrX	48000001	48100001	0	0.0	NA
chrX	48100001	48200001	0	0.0	NA
chrX	48200001	48300001	0	0.0	NA
chrX	48300001	48400001	30806	339.0	0.011004349802
chrX	48400001	48500001	23389	237.0	0.0101329684895
chrX	48500001	48600001	22848	129.0	0.00564600840336
chrX	48600001	48700001	31380	282.0	0.00898661567878
chrX	48700001	48800001	29006	174.0	0.00599875887747
chrX	48800001	48900001	20935	155.0	0.0074038691187
chrX	48900001	49000001	27097	239.0	0.00882016459387
chrX	49000001	49100001	32779	340.0	0.0103724945849
chrX	49100001	49200001	38392	565.0	0.0147166076266
chrX	49200001	49300001	26676	611.0	0.0229044834308
chrX	49300001	49400001	44202	755.0	0.0170806750826
chrX	49400001	49500001	29814	491.0	0.0164687730596
chrX	49500001	49600001	38195	309.0	0.00809006414452
chrX	49600001	49700001	33417	316.0	0.00945626477541
chrX	49700001	49800001	39400	284.0	0.00720812182741
chrX	49800001	49900001	39427	279.0	0.00707636898572
chrX	49900001	50000001	30599	268.0	0.0087584561587
chrX	50000001	50100001	10207	96.0	0.00940531008132
chrX	50100001	50200001	57628	467.0	0.00810369959048
chrX	50200001	50300001	40957	330.0	0.00805723075421
chrX	50300001	50400001	37327	304.0	0.00814423875479
chrX	50400001	50500001	36067	276.0	0.00765242465412
chrX	50500001	50600001	38965	318.0	0.00816117028102
chrX	50600001	50700001	28104	247.0	0.00878878451466
chrX	50700001	50800001	31289	547.0	0.0174821822366
chrX	50800001	50900001	25661	219.0	0.00853435173999
chrX	50900001	51000001	22980	328.0	0.014273281114
chrX	51000001	51100001	24317	226.0	0.00929390961056
chrX	51100001	51200001	16221	156.0	0.00961716293693
chrX	51200001	51300001	20811	317.0	0.0152323290567
chrX	51300001	51400001	26176	254.0	0.00970354523227
chrX	51400001	51500001	30488	278.0	0.00911834164261
chrX	51500001	51600001	22308	153.0	0.0068585260893
chrX	51600001	51700001	32575	215.0	0.00660015349194
chrX	51700001	51800001	15415	122.0	0.00791436912099
chrX	51800001	51900001	14644	144.0	0.00983337885824
chrX	51900001	52000001	22604	213.0	0.00942311095381
chrX	52000001	52100001	39423	443.0	0.0112370950968
chrX	52100001	52200001	48291	451.0	0.00933921434636
chrX	52200001	52300001	50202	776.0	0.015457551492
chrX	52300001	52400001	47899	447.0	0.00933213637028
chrX	52400001	52500001	23023	712.0	0.030925596143
chrX	52500001	52600001	54641	717.0	0.0131220146044
chrX	52600001	52700001	34211	473.0	0.0138259624098
chrX	52700001	52800001	34362	560.0	0.0162970723474
chrX	52800001	52900001	41959	729.0	0.0173741032913
chrX	52900001	53000001	44060	439.0	0.00996368588289
chrX	53000001	53100001	17018	198.0	0.0116347396874
chrX	53100001	53200001	20124	144.0	0.00715563506261
chrX	53200001	53300001	28188	195.0	0.00691783737761
chrX	53300001	53400001	22689	286.0	0.0126052272026
chrX	53400001	53500001	30231	245.0	0.00810426383514
chrX	53500001	53600001	22543	141.0	0.00625471321475
chrX	53600001	53700001	55419	407.0	0.00734405167903
chrX	53700001	53800001	26574	197.0	0.00741326108226
chrX	53800001	53900001	8250	87.0	0.0105454545455
chrX	53900001	54000001	5500	53.0	0.00963636363636
chrX	54000001	54100001	28400	160.0	0.0056338028169
chrX	54100001	54200001	16818	123.0	0.00731359257938
chrX	54200001	54300001	34033	239.0	0.00702259571592
chrX	54300001	54400001	30854	229.0	0.00742205224606
chrX	54400001	54500001	24491	185.0	0.00755379527173
chrX	54500001	54600001	27384	213.0	0.00777826468011
chrX	54600001	54700001	8977	84.0	0.00935724629609
chrX	54700001	54800001	20589	155.0	0.0075282918063
chrX	54800001	54900001	30421	299.0	0.00982873672792
chrX	54900001	55000001	24111	248.0	0.0102857616855
chrX	55000001	55100001	30468	205.0	0.00672837074964
chrX	55100001	55200001	46627	506.0	0.0108520814121
chrX	55200001	55300001	26081	200.0	0.00766841762202
chrX	55300001	55400001	24523	202.0	0.0082371651103
chrX	55400001	55500001	29419	232.0	0.00788606002923
chrX	55500001	55600001	46321	377.0	0.00813885710585
chrX	55600001	55700001	29747	297.0	0.0099842000874
chrX	55700001	55800001	20403	143.0	0.00700877321962
chrX	55800001	55900001	18505	173.0	0.00934882464199
chrX	55900001	56000001	17441	185.0	0.0106071899547
chrX	56000001	56100001	10754	66.0	0.00613725125535
chrX	56100001	56200001	19080	181.0	0.00948637316562
chrX	56200001	56300001	29865	216.0	0.00723254645907
chrX	56300001	56400001	13015	107.0	0.00822128313484
chrX	56400001	56500001	4962	54.0	0.0108827085852
chrX	56500001	56600001	19938	158.0	0.00792456615508
chrX	56600001	56700001	5446	45.0	0.00826294528094
chrX	56700001	56800001	26153	596.0	0.0227889725844
chrX	56800001	56900001	39257	1092.0	0.0278166951117
chrX	56900001	57000001	5299	39.0	0.00735987922249
chrX	57000001	57100001	19314	150.0	0.00776638707673
chrX	57100001	57200001	12010	269.0	0.0223980016653
chrX	57200001	57300001	6367	69.0	0.0108371289461
chrX	57300001	57400001	11187	99.0	0.00884955752212
chrX	57400001	57500001	11013	105.0	0.00953418687006
chrX	57500001	57600001	5799	75.0	0.0129332643559
chrX	57600001	57700001	18384	139.0	0.00756092254134
chrX	57700001	57800001	14011	170.0	0.012133323817
chrX	57800001	57900001	6581	53.0	0.00805348731196
chrX	57900001	58000001	23699	219.0	0.00924089624035
chrX	58000001	58100001	5106	50.0	0.00979240109675
chrX	58100001	58200001	0	0.0	NA
chrX	58200001	58300001	272	4.0	0.0147058823529
chrX	58300001	58400001	0	0.0	NA
chrX	58400001	58500001	213	6.0	0.0281690140845
chrX	58500001	58600001	0	0.0	NA
chrX	58600001	58700001	0	0.0	NA
chrX	58700001	58800001	0	0.0	NA
chrX	58800001	58900001	0	0.0	NA
chrX	58900001	59000001	0	0.0	NA
chrX	59000001	59100001	0	0.0	NA
chrX	59100001	59200001	0	0.0	NA
chrX	59200001	59300001	0	0.0	NA
chrX	59300001	59400001	0	0.0	NA
chrX	59400001	59500001	0	0.0	NA
chrX	59500001	59600001	0	0.0	NA
chrX	59600001	59700001	0	0.0	NA
chrX	59700001	59800001	0	0.0	NA
chrX	59800001	59900001	0	0.0	NA
chrX	59900001	60000001	0	0.0	NA
chrX	60000001	60100001	0	0.0	NA
chrX	60100001	60200001	0	0.0	NA
chrX	60200001	60300001	0	0.0	NA
chrX	60300001	60400001	0	0.0	NA
chrX	60400001	60500001	0	0.0	NA
chrX	60500001	60600001	0	0.0	NA
chrX	60600001	60700001	0	0.0	NA
chrX	60700001	60800001	0	0.0	NA
chrX	60800001	60900001	0	0.0	NA
chrX	60900001	61000001	0	0.0	NA
chrX	61000001	61100001	0	0.0	NA
chrX	61100001	61200001	0	0.0	NA
chrX	61200001	61300001	0	0.0	NA
chrX	61300001	61400001	0	0.0	NA
chrX	61400001	61500001	0	0.0	NA
chrX	61500001	61600001	0	0.0	NA
chrX	61600001	61700001	0	0.0	NA
chrX	61700001	61800001	498	9.0	0.0180722891566
chrX	61800001	61900001	0	0.0	NA
chrX	61900001	62000001	0	0.0	NA
chrX	62000001	62100001	12739	143.0	0.0112253709082
chrX	62100001	62200001	3332	34.0	0.0102040816327
chrX	62200001	62300001	5823	79.0	0.0135668899193
chrX	62300001	62400001	5846	66.0	0.0112897707834
chrX	62400001	62500001	7143	59.0	0.0082598348033
chrX	62500001	62600001	13597	131.0	0.00963447819372
chrX	62600001	62700001	8789	71.0	0.00807827966777
chrX	62700001	62800001	16408	174.0	0.0106045831302
chrX	62800001	62900001	29212	242.0	0.0082842667397
chrX	62900001	63000001	48848	297.0	0.00608008516214
chrX	63000001	63100001	24780	257.0	0.0103712671509
chrX	63100001	63200001	22006	246.0	0.0111787694265
chrX	63200001	63300001	13693	135.0	0.0098590520704
chrX	63300001	63400001	14271	145.0	0.0101604652792
chrX	63400001	63500001	37752	251.0	0.00664865437593
chrX	63500001	63600001	26150	189.0	0.0072275334608
chrX	63600001	63700001	21079	189.0	0.00896626974714
chrX	63700001	63800001	14955	160.0	0.0106987629555
chrX	63800001	63900001	17994	201.0	0.01117039013
chrX	63900001	64000001	19195	184.0	0.00958582964314
chrX	64000001	64100001	12810	238.0	0.0185792349727
chrX	64100001	64200001	18634	147.0	0.00788880540947
chrX	64200001	64300001	20851	150.0	0.00719389957316
chrX	64300001	64400001	5738	71.0	0.0123736493552
chrX	64400001	64500001	9379	76.0	0.00810320929737
chrX	64500001	64600001	11367	97.0	0.00853347409167
chrX	64600001	64700001	8465	78.0	0.00921441228588
chrX	64700001	64800001	47392	330.0	0.00696320054018
chrX	64800001	64900001	40992	313.0	0.0076356362217
chrX	64900001	65000001	39779	275.0	0.00691319540461
chrX	65000001	65100001	36348	384.0	0.0105645427534
chrX	65100001	65200001	18187	157.0	0.00863253972618
chrX	65200001	65300001	55908	510.0	0.00912212921228
chrX	65300001	65400001	27444	257.0	0.00936452412185
chrX	65400001	65500001	21203	226.0	0.010658869028
chrX	65500001	65600001	10353	120.0	0.0115908432338
chrX	65600001	65700001	37392	483.0	0.0129172015404
chrX	65700001	65800001	5898	87.0	0.0147507629705
chrX	65800001	65900001	27539	357.0	0.0129634336759
chrX	65900001	66000001	20553	214.0	0.0104121052888
chrX	66000001	66100001	16111	155.0	0.00962075600521
chrX	66100001	66200001	27837	317.0	0.011387721378
chrX	66200001	66300001	11959	156.0	0.0130445689439
chrX	66300001	66400001	24598	318.0	0.0129278803155
chrX	66400001	66500001	10921	160.0	0.0146506730153
chrX	66500001	66600001	20842	235.0	0.0112753094713
chrX	66600001	66700001	8958	116.0	0.0129493190444
chrX	66700001	66800001	27254	276.0	0.0101269538416
chrX	66800001	66900001	39343	400.0	0.0101669928577
chrX	66900001	67000001	43504	362.0	0.00832107392424
chrX	67000001	67100001	13330	136.0	0.0102025506377
chrX	67100001	67200001	10031	163.0	0.0162496261589
chrX	67200001	67300001	30500	308.0	0.0100983606557
chrX	67300001	67400001	32408	249.0	0.00768328807702
chrX	67400001	67500001	32824	218.0	0.00664148184255
chrX	67500001	67600001	23588	165.0	0.00699508224521
chrX	67600001	67700001	29511	282.0	0.00955575886957
chrX	67700001	67800001	22538	189.0	0.00838583725264
chrX	67800001	67900001	18683	192.0	0.0102767221538
chrX	67900001	68000001	43734	459.0	0.0104952668404
chrX	68000001	68100001	45451	454.0	0.00998877912477
chrX	68100001	68200001	37608	361.0	0.00959902148479
chrX	68200001	68300001	44946	416.0	0.00925555110577
chrX	68300001	68400001	49371	452.0	0.00915517206457
chrX	68400001	68500001	45310	417.0	0.00920326638711
chrX	68500001	68600001	32579	287.0	0.00880935571994
chrX	68600001	68700001	25972	246.0	0.00947173879563
chrX	68700001	68800001	25806	198.0	0.0076726342711
chrX	68800001	68900001	27746	209.0	0.00753261731421
chrX	68900001	69000001	18637	148.0	0.00794119225197
chrX	69000001	69100001	21029	180.0	0.00855960816016
chrX	69100001	69200001	38690	286.0	0.00739209097958
chrX	69200001	69300001	37027	271.0	0.00731898344451
chrX	69300001	69400001	33017	244.0	0.00739013235606
chrX	69400001	69500001	36484	291.0	0.00797609911194
chrX	69500001	69600001	37341	307.0	0.00822152593664
chrX	69600001	69700001	39241	265.0	0.00675314084758
chrX	69700001	69800001	31907	208.0	0.0065189456859
chrX	69800001	69900001	20744	160.0	0.00771307365985
chrX	69900001	70000001	15753	123.0	0.00780803656446
chrX	70000001	70100001	19019	141.0	0.00741363899259
chrX	70100001	70200001	20502	155.0	0.00756023802556
chrX	70200001	70300001	27932	229.0	0.00819848202778
chrX	70300001	70400001	41585	319.0	0.00767103522905
chrX	70400001	70500001	18396	194.0	0.0105457708197
chrX	70500001	70600001	27687	235.0	0.00848773792755
chrX	70600001	70700001	25582	218.0	0.00852161676179
chrX	70700001	70800001	32535	251.0	0.00771476871062
chrX	70800001	70900001	39612	492.0	0.0124204786428
chrX	70900001	71000001	36947	585.0	0.0158334912171
chrX	71000001	71100001	24232	478.0	0.0197259821723
chrX	71100001	71200001	33278	247.0	0.00742232105295
chrX	71200001	71300001	43619	400.0	0.00917031568812
chrX	71300001	71400001	39867	291.0	0.00729927007299
chrX	71400001	71500001	21599	177.0	0.00819482383444
chrX	71500001	71600001	35086	276.0	0.00786638545289
chrX	71600001	71700001	27486	190.0	0.00691261005603
chrX	71700001	71800001	36175	288.0	0.00796129923981
chrX	71800001	71900001	34426	261.0	0.00758147911462
chrX	71900001	72000001	31729	256.0	0.00806832865833
chrX	72000001	72100001	36035	274.0	0.00760371860691
chrX	72100001	72200001	34053	236.0	0.00693037324171
chrX	72200001	72300001	7359	58.0	0.00788150563935
chrX	72300001	72400001	6202	53.0	0.00854563044179
chrX	72400001	72500001	15077	140.0	0.00928566690986
chrX	72500001	72600001	6875	59.0	0.00858181818182
chrX	72600001	72700001	18418	153.0	0.00830709088935
chrX	72700001	72800001	11698	87.0	0.00743716874679
chrX	72800001	72900001	8584	48.0	0.00559179869525
chrX	72900001	73000001	21577	153.0	0.00709088381147
chrX	73000001	73100001	41772	314.0	0.0075169970315
chrX	73100001	73200001	16193	124.0	0.00765762984005
chrX	73200001	73300001	10335	76.0	0.00735365263667
chrX	73300001	73400001	12554	89.0	0.00708937390473
chrX	73400001	73500001	39750	352.0	0.00885534591195
chrX	73500001	73600001	34603	266.0	0.0076871947519
chrX	73600001	73700001	38194	318.0	0.00832591506519
chrX	73700001	73800001	34624	351.0	0.0101374768946
chrX	73800001	73900001	33662	238.0	0.00707028697047
chrX	73900001	74000001	27872	190.0	0.0068168771527
chrX	74000001	74100001	23522	165.0	0.00701470963353
chrX	74100001	74200001	33538	235.0	0.00700697716024
chrX	74200001	74300001	20395	178.0	0.00872762932091
chrX	74300001	74400001	28116	217.0	0.00771802532366
chrX	74400001	74500001	11084	107.0	0.0096535546734
chrX	74500001	74600001	26950	210.0	0.00779220779221
chrX	74600001	74700001	17746	135.0	0.00760734813479
chrX	74700001	74800001	16937	158.0	0.00932868866978
chrX	74800001	74900001	25440	288.0	0.011320754717
chrX	74900001	75000001	15544	134.0	0.00862068965517
chrX	75000001	75100001	4849	43.0	0.00886780779542
chrX	75100001	75200001	7950	76.0	0.00955974842767
chrX	75200001	75300001	16664	198.0	0.0118819011042
chrX	75300001	75400001	21886	157.0	0.00717353559353
chrX	75400001	75500001	7479	63.0	0.00842358604091
chrX	75500001	75600001	2398	28.0	0.0116763969975
chrX	75600001	75700001	10740	137.0	0.0127560521415
chrX	75700001	75800001	276	4.0	0.0144927536232
chrX	75800001	75900001	4926	67.0	0.0136012992286
chrX	75900001	76000001	15007	171.0	0.0113946824815
chrX	76000001	76100001	12723	157.0	0.012339856952
chrX	76100001	76200001	19359	197.0	0.0101761454621
chrX	76200001	76300001	22544	212.0	0.00940383250532
chrX	76300001	76400001	14751	205.0	0.0138973628907
chrX	76400001	76500001	3130	41.0	0.0130990415335
chrX	76500001	76600001	8986	88.0	0.00979301135099
chrX	76600001	76700001	10279	133.0	0.0129390018484
chrX	76700001	76800001	28654	167.0	0.00582815662735
chrX	76800001	76900001	26874	218.0	0.00811192974622
chrX	76900001	77000001	29180	200.0	0.00685400959561
chrX	77000001	77100001	18876	144.0	0.00762873490146
chrX	77100001	77200001	33923	271.0	0.00798868024644
chrX	77200001	77300001	33385	215.0	0.00644001797214
chrX	77300001	77400001	33789	233.0	0.00689573529847
chrX	77400001	77500001	10721	94.0	0.00876783882101
chrX	77500001	77600001	23203	200.0	0.00861957505495
chrX	77600001	77700001	9321	88.0	0.00944104709795
chrX	77700001	77800001	20148	196.0	0.00972801270598
chrX	77800001	77900001	14546	134.0	0.0092121545442
chrX	77900001	78000001	40460	335.0	0.00827978250124
chrX	78000001	78100001	31613	288.0	0.00911017619334
chrX	78100001	78200001	21405	271.0	0.0126605933193
chrX	78200001	78300001	17979	196.0	0.0109016074309
chrX	78300001	78400001	28556	258.0	0.00903487883457
chrX	78400001	78500001	38458	357.0	0.00928285402257
chrX	78500001	78600001	26705	278.0	0.0104100355739
chrX	78600001	78700001	37858	483.0	0.0127582017011
chrX	78700001	78800001	5345	63.0	0.0117867165575
chrX	78800001	78900001	28913	253.0	0.00875038909833
chrX	78900001	79000001	17447	226.0	0.0129535163638
chrX	79000001	79100001	10273	71.0	0.00691132093838
chrX	79100001	79200001	2269	27.0	0.0118995152049
chrX	79200001	79300001	24073	282.0	0.0117143687949
chrX	79300001	79400001	20413	215.0	0.0105325037966
chrX	79400001	79500001	5798	62.0	0.0106933425319
chrX	79500001	79600001	35975	294.0	0.0081723419041
chrX	79600001	79700001	23851	211.0	0.00884658924154
chrX	79700001	79800001	18896	177.0	0.00936706181202
chrX	79800001	79900001	15274	154.0	0.0100824931256
chrX	79900001	80000001	45490	454.0	0.00998021543196
chrX	80000001	80100001	28097	271.0	0.00964515784603
chrX	80100001	80200001	16873	176.0	0.0104308658804
chrX	80200001	80300001	16500	180.0	0.0109090909091
chrX	80300001	80400001	24682	190.0	0.00769791751074
chrX	80400001	80500001	31096	313.0	0.010065603293
chrX	80500001	80600001	28430	262.0	0.00921561730566
chrX	80600001	80700001	44056	416.0	0.00944252769203
chrX	80700001	80800001	14598	165.0	0.011302918208
chrX	80800001	80900001	14287	259.0	0.0181283684468
chrX	80900001	81000001	15894	174.0	0.0109475273688
chrX	81000001	81100001	21996	220.0	0.0100018185125
chrX	81100001	81200001	20292	240.0	0.0118273211118
chrX	81200001	81300001	16890	235.0	0.0139135583185
chrX	81300001	81400001	13096	184.0	0.014050091631
chrX	81400001	81500001	12316	133.0	0.0107989607015
chrX	81500001	81600001	20373	167.0	0.00819712364404
chrX	81600001	81700001	16940	202.0	0.0119244391972
chrX	81700001	81800001	19479	223.0	0.011448226295
chrX	81800001	81900001	15255	231.0	0.0151425762045
chrX	81900001	82000001	27557	321.0	0.0116485829372
chrX	82000001	82100001	23243	236.0	0.0101535946306
chrX	82100001	82200001	11029	161.0	0.0145978783208
chrX	82200001	82300001	17669	240.0	0.0135831116645
chrX	82300001	82400001	18021	185.0	0.0102658010099
chrX	82400001	82500001	7800	83.0	0.010641025641
chrX	82500001	82600001	30008	271.0	0.00903092508664
chrX	82600001	82700001	18273	180.0	0.00985059924479
chrX	82700001	82800001	48871	403.0	0.00824619917743
chrX	82800001	82900001	20499	188.0	0.00917117908191
chrX	82900001	83000001	7541	53.0	0.00702824559077
chrX	83000001	83100001	17371	167.0	0.0096137240228
chrX	83100001	83200001	18213	178.0	0.00977323889529
chrX	83200001	83300001	10549	96.0	0.00910038866243
chrX	83300001	83400001	28430	202.0	0.00710517059444
chrX	83400001	83500001	49434	477.0	0.0096492292754
chrX	83500001	83600001	37475	285.0	0.0076050700467
chrX	83600001	83700001	21669	221.0	0.0101989016567
chrX	83700001	83800001	36647	320.0	0.00873195623107
chrX	83800001	83900001	19272	255.0	0.0132316313823
chrX	83900001	84000001	20832	237.0	0.0113767281106
chrX	84000001	84100001	33575	361.0	0.0107520476545
chrX	84100001	84200001	34619	408.0	0.0117854357434
chrX	84200001	84300001	21645	223.0	0.0103026103026
chrX	84300001	84400001	33515	257.0	0.00766820826496
chrX	84400001	84500001	27036	228.0	0.00843320017754
chrX	84500001	84600001	35414	236.0	0.00666403117411
chrX	84600001	84700001	26020	211.0	0.00810914681015
chrX	84700001	84800001	39508	383.0	0.00969423914144
chrX	84800001	84900001	15506	146.0	0.00941571004772
chrX	84900001	85000001	12158	153.0	0.0125843066294
chrX	85000001	85100001	14798	182.0	0.0122989593188
chrX	85100001	85200001	52528	355.0	0.00675830033506
chrX	85200001	85300001	39071	241.0	0.00616825778711
chrX	85300001	85400001	31951	272.0	0.00851303558574
chrX	85400001	85500001	44337	379.0	0.00854816518935
chrX	85500001	85600001	34771	280.0	0.00805268758448
chrX	85600001	85700001	50083	507.0	0.0101231954955
chrX	85700001	85800001	42015	436.0	0.0103772462216
chrX	85800001	85900001	28778	244.0	0.00847869900619
chrX	85900001	86000001	48064	441.0	0.00917526631158
chrX	86000001	86100001	51126	557.0	0.0108946524273
chrX	86100001	86200001	20088	167.0	0.00831342094783
chrX	86200001	86300001	13760	163.0	0.0118459302326
chrX	86300001	86400001	16603	220.0	0.0132506173583
chrX	86400001	86500001	17926	228.0	0.0127189557068
chrX	86500001	86600001	27649	339.0	0.0122608412601
chrX	86600001	86700001	29864	302.0	0.0101125100455
chrX	86700001	86800001	28218	393.0	0.0139272804593
chrX	86800001	86900001	31844	392.0	0.0123100113051
chrX	86900001	87000001	31718	413.0	0.0130209975408
chrX	87000001	87100001	29073	305.0	0.0104908334193
chrX	87100001	87200001	31377	368.0	0.0117283360423
chrX	87200001	87300001	16444	210.0	0.012770615422
chrX	87300001	87400001	43607	495.0	0.0113513885385
chrX	87400001	87500001	19516	255.0	0.0130662020906
chrX	87500001	87600001	17610	203.0	0.0115275411698
chrX	87600001	87700001	34203	429.0	0.0125427594071
chrX	87700001	87800001	29133	370.0	0.0127003741462
chrX	87800001	87900001	15562	179.0	0.0115023775864
chrX	87900001	88000001	23358	263.0	0.0112595256443
chrX	88000001	88100001	17828	187.0	0.010489118241
chrX	88100001	88200001	24520	322.0	0.013132137031
chrX	88200001	88300001	24224	308.0	0.012714663144
chrX	88300001	88400001	18259	258.0	0.0141300180733
chrX	88400001	88500001	25399	291.0	0.011457143982
chrX	88500001	88600001	13620	122.0	0.00895741556535
chrX	88600001	88700001	36684	377.0	0.0102769599826
chrX	88700001	88800001	22185	250.0	0.0112688753662
chrX	88800001	88900001	22880	256.0	0.0111888111888
chrX	88900001	89000001	22112	201.0	0.00909008683068
chrX	89000001	89100001	19683	222.0	0.0112787684804
chrX	89100001	89200001	30320	278.0	0.00916886543536
chrX	89200001	89300001	17735	158.0	0.00890893712997
chrX	89300001	89400001	26477	264.0	0.00997091815538
chrX	89400001	89500001	20199	218.0	0.0107926134957
chrX	89500001	89600001	19446	269.0	0.01383317906
chrX	89600001	89700001	25661	333.0	0.0129768910019
chrX	89700001	89800001	20048	289.0	0.0144154030327
chrX	89800001	89900001	20344	231.0	0.0113546991742
chrX	89900001	90000001	20446	227.0	0.0111024161205
chrX	90000001	90100001	24368	280.0	0.0114904793171
chrX	90100001	90200001	25473	302.0	0.0118556903388
chrX	90200001	90300001	15560	165.0	0.0106041131105
chrX	90300001	90400001	27398	290.0	0.0105847142127
chrX	90400001	90500001	21140	221.0	0.010454115421
chrX	90500001	90600001	19436	175.0	0.0090039102696
chrX	90600001	90700001	18933	196.0	0.0103522949348
chrX	90700001	90800001	22906	279.0	0.0121802147909
chrX	90800001	90900001	29031	284.0	0.00978264613689
chrX	90900001	91000001	25963	286.0	0.0110156761545
chrX	91000001	91100001	64226	541.0	0.00842337993959
chrX	91100001	91200001	51072	478.0	0.0093593358396
chrX	91200001	91300001	30580	334.0	0.0109221713538
chrX	91300001	91400001	46327	518.0	0.0111813845058
chrX	91400001	91500001	51254	619.0	0.0120771061771
chrX	91500001	91600001	48380	533.0	0.0110169491525
chrX	91600001	91700001	53744	584.0	0.0108663292647
chrX	91700001	91800001	49493	495.0	0.0100014143414
chrX	91800001	91900001	26511	295.0	0.0111274565275
chrX	91900001	92000001	17935	197.0	0.0109841092835
chrX	92000001	92100001	19551	270.0	0.0138100352923
chrX	92100001	92200001	23647	238.0	0.0100647016535
chrX	92200001	92300001	21323	257.0	0.0120527130329
chrX	92300001	92400001	15145	216.0	0.0142621327171
chrX	92400001	92500001	27751	332.0	0.0119635328457
chrX	92500001	92600001	32323	337.0	0.010426012437
chrX	92600001	92700001	29326	388.0	0.0132305803724
chrX	92700001	92800001	37070	375.0	0.0101159967629
chrX	92800001	92900001	27606	335.0	0.0121350431066
chrX	92900001	93000001	38137	375.0	0.00983297060597
chrX	93000001	93100001	46259	454.0	0.00981430640524
chrX	93100001	93200001	23113	284.0	0.0122874572751
chrX	93200001	93300001	21563	233.0	0.0108055465381
chrX	93300001	93400001	36447	442.0	0.0121271983977
chrX	93400001	93500001	35360	370.0	0.010463800905
chrX	93500001	93600001	33220	354.0	0.010656231186
chrX	93600001	93700001	25008	288.0	0.0115163147793
chrX	93700001	93800001	21650	236.0	0.0109006928406
chrX	93800001	93900001	30776	289.0	0.0093904341045
chrX	93900001	94000001	8054	81.0	0.0100571144773
chrX	94000001	94100001	16805	199.0	0.0118417137757
chrX	94100001	94200001	12157	130.0	0.0106934276548
chrX	94200001	94300001	17868	220.0	0.0123125139915
chrX	94300001	94400001	13590	158.0	0.0116261957322
chrX	94400001	94500001	17143	229.0	0.0133582220148
chrX	94500001	94600001	16102	209.0	0.0129797540678
chrX	94600001	94700001	35488	366.0	0.0103133453562
chrX	94700001	94800001	30499	328.0	0.0107544509656
chrX	94800001	94900001	25582	244.0	0.00953795637558
chrX	94900001	95000001	51524	485.0	0.00941308904588
chrX	95000001	95100001	34224	356.0	0.010402057036
chrX	95100001	95200001	36507	285.0	0.00780672199852
chrX	95200001	95300001	36430	370.0	0.0101564644524
chrX	95300001	95400001	28513	281.0	0.0098551537895
chrX	95400001	95500001	27918	301.0	0.0107815746114
chrX	95500001	95600001	18087	196.0	0.0108365124122
chrX	95600001	95700001	44311	340.0	0.00767303829749
chrX	95700001	95800001	37248	360.0	0.00966494845361
chrX	95800001	95900001	41204	281.0	0.00681972624017
chrX	95900001	96000001	49183	332.0	0.00675029990037
chrX	96000001	96100001	47738	317.0	0.0066404122502
chrX	96100001	96200001	62620	421.0	0.00672309166401
chrX	96200001	96300001	55437	366.0	0.00660208885762
chrX	96300001	96400001	64657	461.0	0.00712993179393
chrX	96400001	96500001	57223	446.0	0.00779406881848
chrX	96500001	96600001	49158	360.0	0.00732332478945
chrX	96600001	96700001	54604	389.0	0.0071240202183
chrX	96700001	96800001	54342	455.0	0.00837289757462
chrX	96800001	96900001	56444	445.0	0.00788392034583
chrX	96900001	97000001	39999	302.0	0.00755018875472
chrX	97000001	97100001	38044	441.0	0.0115918410262
chrX	97100001	97200001	49028	386.0	0.00787305213347
chrX	97200001	97300001	38418	297.0	0.00773075121037
chrX	97300001	97400001	28057	255.0	0.00908864098086
chrX	97400001	97500001	41012	333.0	0.00811957475861
chrX	97500001	97600001	34852	324.0	0.00929645357512
chrX	97600001	97700001	33376	310.0	0.00928811121764
chrX	97700001	97800001	37847	277.0	0.00731894205617
chrX	97800001	97900001	25968	204.0	0.00785582255083
chrX	97900001	98000001	27618	258.0	0.00934173365197
chrX	98000001	98100001	38688	314.0	0.00811621174524
chrX	98100001	98200001	24134	235.0	0.00973730007458
chrX	98200001	98300001	42107	373.0	0.00885838459164
chrX	98300001	98400001	25364	249.0	0.00981706355464
chrX	98400001	98500001	18062	258.0	0.0142841324327
chrX	98500001	98600001	32095	333.0	0.0103754478891
chrX	98600001	98700001	14654	116.0	0.00791592739184
chrX	98700001	98800001	21185	166.0	0.00783573282983
chrX	98800001	98900001	17675	172.0	0.00973125884017
chrX	98900001	99000001	51481	466.0	0.00905188321905
chrX	99000001	99100001	19433	156.0	0.00802758194823
chrX	99100001	99200001	39193	338.0	0.00862398897762
chrX	99200001	99300001	48200	462.0	0.00958506224066
chrX	99300001	99400001	37991	381.0	0.0100286910058
chrX	99400001	99500001	34377	386.0	0.0112284376182
chrX	99500001	99600001	52244	363.0	0.00694816629661
chrX	99600001	99700001	58768	388.0	0.00660223250749
chrX	99700001	99800001	19619	146.0	0.00744176563535
chrX	99800001	99900001	39203	242.0	0.00617299696452
chrX	99900001	100000001	42172	316.0	0.00749312339941
chrX	100000001	100100001	22838	163.0	0.00713722742797
chrX	100100001	100200001	41179	312.0	0.00757667743267
chrX	100200001	100300001	25598	150.0	0.00585983279944
chrX	100300001	100400001	36817	236.0	0.00641008229894
chrX	100400001	100500001	35463	236.0	0.006654823337
chrX	100500001	100600001	31508	222.0	0.00704582963057
chrX	100600001	100700001	45035	363.0	0.00806039746864
chrX	100700001	100800001	22524	178.0	0.00790268158409
chrX	100800001	100900001	36610	328.0	0.0089593007375
chrX	100900001	101000001	41747	286.0	0.00685079167365
chrX	101000001	101100001	39013	352.0	0.00902263348115
chrX	101100001	101200001	38099	280.0	0.00734927425917
chrX	101200001	101300001	24546	210.0	0.00855536543632
chrX	101300001	101400001	21481	212.0	0.00986918672315
chrX	101400001	101500001	30955	276.0	0.00891616863188
chrX	101500001	101600001	36481	262.0	0.00718182067378
chrX	101600001	101700001	34559	225.0	0.00651060505223
chrX	101700001	101800001	31303	244.0	0.00779478005303
chrX	101800001	101900001	28250	219.0	0.00775221238938
chrX	101900001	102000001	25415	201.0	0.0079087153256
chrX	102000001	102100001	37254	280.0	0.00751597143931
chrX	102100001	102200001	41496	427.0	0.010290148448
chrX	102200001	102300001	31184	312.0	0.0100051308363
chrX	102300001	102400001	33365	281.0	0.00842199910085
chrX	102400001	102500001	30379	314.0	0.0103360874288
chrX	102500001	102600001	33105	218.0	0.00658510798973
chrX	102600001	102700001	34858	220.0	0.00631132021344
chrX	102700001	102800001	47414	346.0	0.00729742270216
chrX	102800001	102900001	34061	202.0	0.00593053639059
chrX	102900001	103000001	52490	351.0	0.00668698799771
chrX	103000001	103100001	51116	399.0	0.00780577509977
chrX	103100001	103200001	0	0.0	NA
chrX	103200001	103300001	0	0.0	NA
chrX	103300001	103400001	0	0.0	NA
chrX	103400001	103500001	52333	392.0	0.00749049357002
chrX	103500001	103600001	37793	250.0	0.00661498161035
chrX	103600001	103700001	34445	255.0	0.00740310640151
chrX	103700001	103800001	40113	273.0	0.00680577368933
chrX	103800001	103900001	36800	280.0	0.00760869565217
chrX	103900001	104000001	45889	479.0	0.0104382313844
chrX	104000001	104100001	44540	341.0	0.00765603951504
chrX	104100001	104200001	39264	319.0	0.00812449062755
chrX	104200001	104300001	31893	268.0	0.00840309785846
chrX	104300001	104400001	43575	545.0	0.0125071715433
chrX	104400001	104500001	39191	429.0	0.010946390753
chrX	104500001	104600001	42175	352.0	0.00834617664493
chrX	104600001	104700001	39957	421.0	0.010536326551
chrX	104700001	104800001	46051	388.0	0.00842544135849
chrX	104800001	104900001	47550	348.0	0.00731861198738
chrX	104900001	105000001	40381	283.0	0.00700824645254
chrX	105000001	105100001	61052	403.0	0.00660093035445
chrX	105100001	105200001	62161	521.0	0.00838146104471
chrX	105200001	105300001	23644	200.0	0.00845880561665
chrX	105300001	105400001	12123	111.0	0.00915614946795
chrX	105400001	105500001	34134	271.0	0.00793929806058
chrX	105500001	105600001	33998	486.0	0.014294958527
chrX	105600001	105700001	33591	386.0	0.0114911732309
chrX	105700001	105800001	20231	210.0	0.0103801097326
chrX	105800001	105900001	25677	210.0	0.00817852552868
chrX	105900001	106000001	44470	283.0	0.00636384079154
chrX	106000001	106100001	41330	284.0	0.00687152189693
chrX	106100001	106200001	38410	288.0	0.00749804738349
chrX	106200001	106300001	32435	267.0	0.00823184831201
chrX	106300001	106400001	27010	174.0	0.00644205849685
chrX	106400001	106500001	41021	304.0	0.00741083835109
chrX	106500001	106600001	32950	235.0	0.00713201820941
chrX	106600001	106700001	28770	195.0	0.00677789363921
chrX	106700001	106800001	44228	358.0	0.00809441982455
chrX	106800001	106900001	40483	256.0	0.00632364202258
chrX	106900001	107000001	51351	400.0	0.00778952698097
chrX	107000001	107100001	47660	333.0	0.00698699118758
chrX	107100001	107200001	35736	240.0	0.00671591672263
chrX	107200001	107300001	34251	260.0	0.00759101924031
chrX	107300001	107400001	49443	328.0	0.00663390166454
chrX	107400001	107500001	54824	408.0	0.00744199620604
chrX	107500001	107600001	47385	428.0	0.00903239421758
chrX	107600001	107700001	48298	370.0	0.0076607727028
chrX	107700001	107800001	22701	149.0	0.00656358750716
chrX	107800001	107900001	38540	247.0	0.00640892579139
chrX	107900001	108000001	44918	318.0	0.00707956721136
chrX	108000001	108100001	7968	72.0	0.00903614457831
chrX	108100001	108200001	13546	142.0	0.0104827993504
chrX	108200001	108300001	21325	205.0	0.00961313012896
chrX	108300001	108400001	15418	150.0	0.00972888831236
chrX	108400001	108500001	9775	114.0	0.0116624040921
chrX	108500001	108600001	28470	294.0	0.0103266596417
chrX	108600001	108700001	47250	378.0	0.008
chrX	108700001	108800001	29884	242.0	0.00809797885156
chrX	108800001	108900001	39163	239.0	0.00610269897607
chrX	108900001	109000001	51227	437.0	0.008530657661
chrX	109000001	109100001	43331	354.0	0.00816967067457
chrX	109100001	109200001	35328	255.0	0.00721807065217
chrX	109200001	109300001	48499	420.0	0.00865997237056
chrX	109300001	109400001	32403	256.0	0.00790050303984
chrX	109400001	109500001	55248	387.0	0.00700477845352
chrX	109500001	109600001	50272	354.0	0.00704169318905
chrX	109600001	109700001	43852	315.0	0.00718325275928
chrX	109700001	109800001	31699	255.0	0.00804441780498
chrX	109800001	109900001	16249	112.0	0.00689273186042
chrX	109900001	110000001	53637	438.0	0.00816600481011
chrX	110000001	110100001	35508	256.0	0.00720964289738
chrX	110100001	110200001	34910	272.0	0.00779146376396
chrX	110200001	110300001	40266	309.0	0.00767396811205
chrX	110300001	110400001	59504	358.0	0.00601640225867
chrX	110400001	110500001	55675	409.0	0.00734620565784
chrX	110500001	110600001	54694	360.0	0.00658207481625
chrX	110600001	110700001	47992	338.0	0.00704284047341
chrX	110700001	110800001	38407	253.0	0.00658734084932
chrX	110800001	110900001	30082	197.0	0.00654876670434
chrX	110900001	111000001	43462	297.0	0.00683355574985
chrX	111000001	111100001	41635	284.0	0.00682118409992
chrX	111100001	111200001	50176	451.0	0.00898836096939
chrX	111200001	111300001	32689	316.0	0.00966686041176
chrX	111300001	111400001	37223	380.0	0.0102087419069
chrX	111400001	111500001	42376	422.0	0.00995846705682
chrX	111500001	111600001	42930	454.0	0.0105753552294
chrX	111600001	111700001	35612	298.0	0.00836796585421
chrX	111700001	111800001	27027	323.0	0.011951011951
chrX	111800001	111900001	28353	266.0	0.00938172327443
chrX	111900001	112000001	43901	365.0	0.00831416140862
chrX	112000001	112100001	68040	389.0	0.00571722516167
chrX	112100001	112200001	49661	469.0	0.00944403052697
chrX	112200001	112300001	35453	277.0	0.00781316108651
chrX	112300001	112400001	17621	246.0	0.0139606151751
chrX	112400001	112500001	19606	196.0	0.00999693971233
chrX	112500001	112600001	26009	233.0	0.00895843746395
chrX	112600001	112700001	18077	126.0	0.0069701831056
chrX	112700001	112800001	31333	251.0	0.00801072351834
chrX	112800001	112900001	26050	269.0	0.0103262955854
chrX	112900001	113000001	29173	377.0	0.0129229081685
chrX	113000001	113100001	34947	503.0	0.014393224025
chrX	113100001	113200001	34052	377.0	0.0110713027135
chrX	113200001	113300001	26586	276.0	0.0103814037463
chrX	113300001	113400001	33817	340.0	0.0100541147943
chrX	113400001	113500001	26208	204.0	0.00778388278388
chrX	113500001	113600001	15175	147.0	0.00968698517298
chrX	113600001	113700001	32694	350.0	0.0107053281948
chrX	113700001	113800001	34374	311.0	0.00904753592832
chrX	113800001	113900001	59349	540.0	0.0090987211242
chrX	113900001	114000001	50057	452.0	0.00902970613501
chrX	114000001	114100001	36847	376.0	0.0102043585638
chrX	114100001	114200001	23909	166.0	0.00694299217868
chrX	114200001	114300001	41762	375.0	0.00897945500694
chrX	114300001	114400001	33392	236.0	0.00706756109248
chrX	114400001	114500001	31277	260.0	0.00831281772549
chrX	114500001	114600001	43868	376.0	0.0085711680496
chrX	114600001	114700001	51816	406.0	0.00783541763162
chrX	114700001	114800001	39884	302.0	0.00757195868017
chrX	114800001	114900001	54174	398.0	0.00734669767785
chrX	114900001	115000001	57374	1015.0	0.0176909401471
chrX	115000001	115100001	43224	1120.0	0.0259115306311
chrX	115100001	115200001	17684	164.0	0.00927391992762
chrX	115200001	115300001	17788	191.0	0.0107375758939
chrX	115300001	115400001	23991	235.0	0.00979533991914
chrX	115400001	115500001	26442	285.0	0.0107783072385
chrX	115500001	115600001	42945	335.0	0.00780067528234
chrX	115600001	115700001	11694	119.0	0.0101761587139
chrX	115700001	115800001	11183	99.0	0.00885272288295
chrX	115800001	115900001	19800	225.0	0.0113636363636
chrX	115900001	116000001	16006	142.0	0.00887167312258
chrX	116000001	116100001	20944	235.0	0.0112203972498
chrX	116100001	116200001	30033	332.0	0.0110545067093
chrX	116200001	116300001	23849	309.0	0.012956518093
chrX	116300001	116400001	17889	202.0	0.0112918553301
chrX	116400001	116500001	20656	204.0	0.00987606506584
chrX	116500001	116600001	34214	301.0	0.00879756824692
chrX	116600001	116700001	34311	344.0	0.0100259392032
chrX	116700001	116800001	25932	268.0	0.0103347215795
chrX	116800001	116900001	35539	342.0	0.00962323081685
chrX	116900001	117000001	38053	344.0	0.00904002312564
chrX	117000001	117100001	45226	433.0	0.00957413876973
chrX	117100001	117200001	42892	430.0	0.0100251795207
chrX	117200001	117300001	38708	325.0	0.00839619716854
chrX	117300001	117400001	41811	353.0	0.00844275429911
chrX	117400001	117500001	35617	278.0	0.00780526153241
chrX	117500001	117600001	35930	228.0	0.00634567214027
chrX	117600001	117700001	49728	365.0	0.00733992921493
chrX	117700001	117800001	55762	413.0	0.0074064775295
chrX	117800001	117900001	35879	263.0	0.0073301931492
chrX	117900001	118000001	39453	306.0	0.00775606417763
chrX	118000001	118100001	25670	212.0	0.00825866770549
chrX	118100001	118200001	47303	342.0	0.00722998541319
chrX	118200001	118300001	52795	489.0	0.00926224074249
chrX	118300001	118400001	48733	452.0	0.00927502924097
chrX	118400001	118500001	20311	171.0	0.00841908325538
chrX	118500001	118600001	22724	183.0	0.00805315965499
chrX	118600001	118700001	23890	220.0	0.00920887400586
chrX	118700001	118800001	42130	275.0	0.0065274151436
chrX	118800001	118900001	26702	183.0	0.00685341921953
chrX	118900001	119000001	26939	521.0	0.0193399903486
chrX	119000001	119100001	28134	218.0	0.00774863154902
chrX	119100001	119200001	41173	377.0	0.00915648604668
chrX	119200001	119300001	31049	301.0	0.00969435408548
chrX	119300001	119400001	38478	304.0	0.00790061853527
chrX	119400001	119500001	43304	324.0	0.00748198780713
chrX	119500001	119600001	41192	352.0	0.00854534861138
chrX	119600001	119700001	36792	260.0	0.0070667536421
chrX	119700001	119800001	32625	220.0	0.00674329501916
chrX	119800001	119900001	26906	271.0	0.0100721028767
chrX	119900001	120000001	31061	282.0	0.0090789092431
chrX	120000001	120100001	33804	650.0	0.0192284936694
chrX	120100001	120200001	40926	458.0	0.0111909299712
chrX	120200001	120300001	30463	237.0	0.00777992975085
chrX	120300001	120400001	30677	194.0	0.00632395605828
chrX	120400001	120500001	33757	297.0	0.00879817519329
chrX	120500001	120600001	24302	250.0	0.0102872191589
chrX	120600001	120700001	29978	315.0	0.0105077056508
chrX	120700001	120800001	30490	262.0	0.00859298130535
chrX	120800001	120900001	24759	266.0	0.0107435679955
chrX	120900001	121000001	12790	128.0	0.0100078186083
chrX	121000001	121100001	22798	252.0	0.0110536011931
chrX	121100001	121200001	25449	278.0	0.0109238084011
chrX	121200001	121300001	21383	244.0	0.0114109339195
chrX	121300001	121400001	23394	263.0	0.0112421988544
chrX	121400001	121500001	14367	165.0	0.0114846523283
chrX	121500001	121600001	20333	323.0	0.0158855063198
chrX	121600001	121700001	26433	355.0	0.0134301819695
chrX	121700001	121800001	26139	293.0	0.011209304105
chrX	121800001	121900001	22975	234.0	0.0101849836779
chrX	121900001	122000001	30734	344.0	0.0111928157741
chrX	122000001	122100001	29958	276.0	0.00921289805728
chrX	122100001	122200001	40999	378.0	0.00921973706676
chrX	122200001	122300001	34092	390.0	0.0114396339317
chrX	122300001	122400001	69831	598.0	0.00856353195572
chrX	122400001	122500001	60178	494.0	0.00820898002592
chrX	122500001	122600001	57629	399.0	0.00692359749432
chrX	122600001	122700001	41825	311.0	0.00743574417215
chrX	122700001	122800001	42344	284.0	0.00670697147176
chrX	122800001	122900001	33288	215.0	0.00645878394617
chrX	122900001	123000001	19521	179.0	0.00916961221249
chrX	123000001	123100001	28637	212.0	0.00740301009184
chrX	123100001	123200001	45319	348.0	0.00767889847525
chrX	123200001	123300001	27260	186.0	0.0068231841526
chrX	123300001	123400001	38144	397.0	0.0104079278523
chrX	123400001	123500001	34994	299.0	0.00854432188375
chrX	123500001	123600001	56827	644.0	0.0113326411741
chrX	123600001	123700001	62096	708.0	0.0114017005926
chrX	123700001	123800001	48367	423.0	0.00874563235264
chrX	123800001	123900001	51503	529.0	0.0102712463352
chrX	123900001	124000001	55017	413.0	0.00750677063453
chrX	124000001	124100001	51096	396.0	0.00775011742602
chrX	124100001	124200001	53663	507.0	0.00944785047426
chrX	124200001	124300001	60861	540.0	0.00887267708385
chrX	124300001	124400001	58226	462.0	0.00793459966338
chrX	124400001	124500001	29424	265.0	0.00900625339859
chrX	124500001	124600001	35087	293.0	0.00835067118876
chrX	124600001	124700001	22878	200.0	0.0087420229041
chrX	124700001	124800001	16004	132.0	0.0082479380155
chrX	124800001	124900001	24000	204.0	0.0085
chrX	124900001	125000001	24929	302.0	0.0121144049099
chrX	125000001	125100001	15926	141.0	0.00885344719327
chrX	125100001	125200001	19019	228.0	0.011988011988
chrX	125200001	125300001	20134	178.0	0.00884076686202
chrX	125300001	125400001	37546	360.0	0.00958823842753
chrX	125400001	125500001	35279	309.0	0.0087587516653
chrX	125500001	125600001	22429	222.0	0.00989790004013
chrX	125600001	125700001	28733	275.0	0.00957087669231
chrX	125700001	125800001	31566	237.0	0.00750807831211
chrX	125800001	125900001	40404	397.0	0.00982575982576
chrX	125900001	126000001	32013	357.0	0.0111517196139
chrX	126000001	126100001	15264	158.0	0.0103511530398
chrX	126100001	126200001	26191	289.0	0.0110343247681
chrX	126200001	126300001	18967	211.0	0.0111245848052
chrX	126300001	126400001	21562	193.0	0.00895093219553
chrX	126400001	126500001	32084	279.0	0.0086959232016
chrX	126500001	126600001	26935	285.0	0.0105810284017
chrX	126600001	126700001	22022	253.0	0.0114885114885
chrX	126700001	126800001	31867	412.0	0.0129287350551
chrX	126800001	126900001	25831	267.0	0.0103364174829
chrX	126900001	127000001	19230	217.0	0.0112844513781
chrX	127000001	127100001	18428	144.0	0.00781419578902
chrX	127100001	127200001	14783	147.0	0.00994385442738
chrX	127200001	127300001	9365	57.0	0.00608649225841
chrX	127300001	127400001	18888	173.0	0.00915925455316
chrX	127400001	127500001	39353	255.0	0.00647981094199
chrX	127500001	127600001	36265	262.0	0.0072245967186
chrX	127600001	127700001	24279	250.0	0.0102969644549
chrX	127700001	127800001	52528	422.0	0.00803381053914
chrX	127800001	127900001	37753	379.0	0.010038937303
chrX	127900001	128000001	38885	362.0	0.00930950237881
chrX	128000001	128100001	48387	424.0	0.00876268419204
chrX	128100001	128200001	41532	438.0	0.0105460849465
chrX	128200001	128300001	52345	506.0	0.00966663482663
chrX	128300001	128400001	34337	409.0	0.0119113492734
chrX	128400001	128500001	20525	229.0	0.0111571254568
chrX	128500001	128600001	27900	196.0	0.00702508960573
chrX	128600001	128700001	47147	319.0	0.00676607207245
chrX	128700001	128800001	53072	460.0	0.00866747060597
chrX	128800001	128900001	35591	304.0	0.00854148520693
chrX	128900001	129000001	44598	322.0	0.00722005471097
chrX	129000001	129100001	35436	280.0	0.00790156902585
chrX	129100001	129200001	35560	266.0	0.00748031496063
chrX	129200001	129300001	44881	317.0	0.00706312247945
chrX	129300001	129400001	41074	306.0	0.00744996834981
chrX	129400001	129500001	28413	207.0	0.0072853975293
chrX	129500001	129600001	42035	351.0	0.00835018437017
chrX	129600001	129700001	36843	332.0	0.00901120972776
chrX	129700001	129800001	40511	324.0	0.00799782775049
chrX	129800001	129900001	49516	315.0	0.00636158009532
chrX	129900001	130000001	49240	364.0	0.00739236393176
chrX	130000001	130100001	37995	284.0	0.00747466771944
chrX	130100001	130200001	49594	354.0	0.00713796023713
chrX	130200001	130300001	23038	173.0	0.00750933240733
chrX	130300001	130400001	47370	358.0	0.00755752586025
chrX	130400001	130500001	48185	332.0	0.0068901110304
chrX	130500001	130600001	30739	250.0	0.00813299066333
chrX	130600001	130700001	22769	218.0	0.00957442136238
chrX	130700001	130800001	28934	241.0	0.00832930116818
chrX	130800001	130900001	36947	423.0	0.0114488321109
chrX	130900001	131000001	47351	365.0	0.0077083905303
chrX	131000001	131100001	17321	121.0	0.00698573985336
chrX	131100001	131200001	59422	429.0	0.00721954831544
chrX	131200001	131300001	42500	283.0	0.00665882352941
chrX	131300001	131400001	35914	234.0	0.00651556496074
chrX	131400001	131500001	24406	157.0	0.00643284438253
chrX	131500001	131600001	71076	382.0	0.00537452867353
chrX	131600001	131700001	52959	375.0	0.0070809494137
chrX	131700001	131800001	53695	484.0	0.00901387466245
chrX	131800001	131900001	64896	581.0	0.00895278599606
chrX	131900001	132000001	56866	446.0	0.00784299933176
chrX	132000001	132100001	39156	335.0	0.00855552150373
chrX	132100001	132200001	42095	336.0	0.00798194559924
chrX	132200001	132300001	35432	257.0	0.00725333032287
chrX	132300001	132400001	49274	317.0	0.00643341315907
chrX	132400001	132500001	66222	433.0	0.00653861254568
chrX	132500001	132600001	48798	362.0	0.00741833681708
chrX	132600001	132700001	45170	339.0	0.0075049811822
chrX	132700001	132800001	51535	310.0	0.00601532938779
chrX	132800001	132900001	55007	329.0	0.00598105695639
chrX	132900001	133000001	63782	431.0	0.00675739236775
chrX	133000001	133100001	61265	366.0	0.00597404717212
chrX	133100001	133200001	45243	311.0	0.0068739915567
chrX	133200001	133300001	20045	165.0	0.00823147917186
chrX	133300001	133400001	39240	223.0	0.00568297655454
chrX	133400001	133500001	14758	99.0	0.00670822604689
chrX	133500001	133600001	45166	290.0	0.00642075897799
chrX	133600001	133700001	43567	331.0	0.00759749351573
chrX	133700001	133800001	54564	365.0	0.00668939227329
chrX	133800001	133900001	50074	332.0	0.00663018732276
chrX	133900001	134000001	43318	285.0	0.00657925111963
chrX	134000001	134100001	38568	276.0	0.00715619166148
chrX	134100001	134200001	36923	243.0	0.00658126371097
chrX	134200001	134300001	43888	453.0	0.010321728035
chrX	134300001	134400001	41284	544.0	0.0131770177308
chrX	134400001	134500001	45315	368.0	0.00812093125897
chrX	134500001	134600001	39744	328.0	0.00825281803543
chrX	134600001	134700001	38779	273.0	0.00703989272544
chrX	134700001	134800001	32510	458.0	0.0140879729314
chrX	134800001	134900001	29636	854.0	0.0288163044945
chrX	134900001	135000001	25396	339.0	0.0133485588282
chrX	135000001	135100001	35930	326.0	0.00907319788478
chrX	135100001	135200001	37385	400.0	0.0106994784004
chrX	135200001	135300001	57439	482.0	0.00839151099427
chrX	135300001	135400001	49422	443.0	0.00896361944073
chrX	135400001	135500001	33814	232.0	0.00686106346484
chrX	135500001	135600001	50271	373.0	0.00741978476657
chrX	135600001	135700001	33680	300.0	0.00890736342043
chrX	135700001	135800001	55366	409.0	0.00738720514395
chrX	135800001	135900001	42668	285.0	0.00667947876629
chrX	135900001	136000001	16949	164.0	0.00967608708478
chrX	136000001	136100001	30410	264.0	0.00868135481749
chrX	136100001	136200001	45342	388.0	0.00855718759649
chrX	136200001	136300001	27013	249.0	0.00921778402991
chrX	136300001	136400001	43788	416.0	0.0095003197223
chrX	136400001	136500001	32077	322.0	0.0100383452318
chrX	136500001	136600001	40320	329.0	0.00815972222222
chrX	136600001	136700001	44973	374.0	0.00831610077157
chrX	136700001	136800001	41389	351.0	0.00848051414627
chrX	136800001	136900001	36442	333.0	0.00913780802371
chrX	136900001	137000001	40900	315.0	0.00770171149144
chrX	137000001	137100001	45550	307.0	0.00673984632272
chrX	137100001	137200001	20792	221.0	0.0106290881108
chrX	137200001	137300001	29803	379.0	0.0127168405865
chrX	137300001	137400001	39891	596.0	0.0149407134441
chrX	137400001	137500001	34086	386.0	0.0113242973655
chrX	137500001	137600001	26293	335.0	0.0127410337352
chrX	137600001	137700001	29839	333.0	0.0111598914173
chrX	137700001	137800001	65227	470.0	0.00720560504086
chrX	137800001	137900001	47580	462.0	0.00970996216898
chrX	137900001	138000001	53645	592.0	0.0110355112312
chrX	138000001	138100001	37157	363.0	0.00976935705251
chrX	138100001	138200001	43543	420.0	0.00964563764555
chrX	138200001	138300001	50862	433.0	0.00851323188235
chrX	138300001	138400001	37104	354.0	0.00954075032342
chrX	138400001	138500001	17928	152.0	0.00847835787595
chrX	138500001	138600001	37227	415.0	0.0111478228168
chrX	138600001	138700001	46511	523.0	0.0112446518028
chrX	138700001	138800001	37462	303.0	0.00808819603865
chrX	138800001	138900001	53915	367.0	0.00680701103589
chrX	138900001	139000001	42678	252.0	0.00590468156896
chrX	139000001	139100001	29973	344.0	0.011476995963
chrX	139100001	139200001	36478	299.0	0.00819672131148
chrX	139200001	139300001	38256	283.0	0.00739753241322
chrX	139300001	139400001	19232	198.0	0.0102953410982
chrX	139400001	139500001	25731	258.0	0.010026815903
chrX	139500001	139600001	48566	339.0	0.0069801919038
chrX	139600001	139700001	42128	349.0	0.0082842764907
chrX	139700001	139800001	32235	319.0	0.00989607569412
chrX	139800001	139900001	38778	412.0	0.010624580948
chrX	139900001	140000001	25570	322.0	0.0125928822839
chrX	140000001	140100001	41560	653.0	0.0157122232916
chrX	140100001	140200001	28462	562.0	0.0197456257466
chrX	140200001	140300001	30017	377.0	0.0125595495886
chrX	140300001	140400001	26133	286.0	0.0109440171431
chrX	140400001	140500001	22763	253.0	0.011114527962
chrX	140500001	140600001	24968	326.0	0.0130567125921
chrX	140600001	140700001	24573	525.0	0.0213649127091
chrX	140700001	140800001	30294	423.0	0.013963161022
chrX	140800001	140900001	39464	678.0	0.0171802148794
chrX	140900001	141000001	29488	422.0	0.0143109061313
chrX	141000001	141100001	29867	360.0	0.0120534369036
chrX	141100001	141200001	31586	400.0	0.0126638384094
chrX	141200001	141300001	29400	444.0	0.0151020408163
chrX	141300001	141400001	26367	402.0	0.0152463306406
chrX	141400001	141500001	32629	435.0	0.0133316987955
chrX	141500001	141600001	36208	415.0	0.0114615554574
chrX	141600001	141700001	43468	534.0	0.0122848992362
chrX	141700001	141800001	38776	508.0	0.0131008871467
chrX	141800001	141900001	18234	200.0	0.0109685203466
chrX	141900001	142000001	34302	411.0	0.0119818086409
chrX	142000001	142100001	35412	459.0	0.0129617078956
chrX	142100001	142200001	32667	413.0	0.0126427281354
chrX	142200001	142300001	28883	388.0	0.0134335075996
chrX	142300001	142400001	43008	514.0	0.011951264881
chrX	142400001	142500001	30574	416.0	0.0136063321777
chrX	142500001	142600001	33083	378.0	0.0114258078167
chrX	142600001	142700001	29337	325.0	0.0110781606845
chrX	142700001	142800001	44163	469.0	0.0106197495641
chrX	142800001	142900001	31643	318.0	0.0100496160288
chrX	142900001	143000001	25826	302.0	0.0116936420661
chrX	143000001	143100001	26552	358.0	0.0134829768002
chrX	143100001	143200001	38099	516.0	0.0135436625633
chrX	143200001	143300001	34699	495.0	0.0142655407937
chrX	143300001	143400001	26727	339.0	0.0126838028959
chrX	143400001	143500001	26442	257.0	0.00971938582558
chrX	143500001	143600001	18065	222.0	0.0122889565458
chrX	143600001	143700001	24651	334.0	0.0135491460793
chrX	143700001	143800001	29866	451.0	0.0151007834996
chrX	143800001	143900001	18835	193.0	0.010246880807
chrX	143900001	144000001	22389	304.0	0.0135780963866
chrX	144000001	144100001	24615	296.0	0.0120251878936
chrX	144100001	144200001	28971	341.0	0.0117703910807
chrX	144200001	144300001	41129	442.0	0.0107466750954
chrX	144300001	144400001	30107	353.0	0.011724848042
chrX	144400001	144500001	30219	322.0	0.0106555478341
chrX	144500001	144600001	23776	250.0	0.0105148048452
chrX	144600001	144700001	28622	316.0	0.0110404583887
chrX	144700001	144800001	31220	417.0	0.0133568225496
chrX	144800001	144900001	42777	561.0	0.0131145241602
chrX	144900001	145000001	47930	541.0	0.0112872939704
chrX	145000001	145100001	32308	412.0	0.0127522595023
chrX	145100001	145200001	32653	493.0	0.015098153309
chrX	145200001	145300001	38924	448.0	0.0115096084678
chrX	145300001	145400001	29295	399.0	0.0136200716846
chrX	145400001	145500001	34231	446.0	0.0130291256463
chrX	145500001	145600001	23956	277.0	0.011562865253
chrX	145600001	145700001	30814	382.0	0.0123969624197
chrX	145700001	145800001	25738	292.0	0.0113450928588
chrX	145800001	145900001	29430	400.0	0.0135915732246
chrX	145900001	146000001	33060	396.0	0.0119782214156
chrX	146000001	146100001	26798	299.0	0.0111575490708
chrX	146100001	146200001	27200	393.0	0.0144485294118
chrX	146200001	146300001	22861	425.0	0.0185906128341
chrX	146300001	146400001	34692	510.0	0.0147007955725
chrX	146400001	146500001	33373	476.0	0.0142630269979
chrX	146500001	146600001	32576	418.0	0.0128315324165
chrX	146600001	146700001	38864	589.0	0.0151554137505
chrX	146700001	146800001	29647	483.0	0.0162916989915
chrX	146800001	146900001	44296	468.0	0.0105652880621
chrX	146900001	147000001	31122	291.0	0.00935029882398
chrX	147000001	147100001	49910	359.0	0.00719294730515
chrX	147100001	147200001	30181	277.0	0.00917795964348
chrX	147200001	147300001	40849	428.0	0.0104776126711
chrX	147300001	147400001	37540	398.0	0.0106020245072
chrX	147400001	147500001	20757	177.0	0.00852724382136
chrX	147500001	147600001	42760	451.0	0.0105472404116
chrX	147600001	147700001	65503	604.0	0.00922095171214
chrX	147700001	147800001	65046	521.0	0.00800971620084
chrX	147800001	147900001	59955	559.0	0.00932365941123
chrX	147900001	148000001	63443	568.0	0.00895291836767
chrX	148000001	148100001	70256	591.0	0.00841209291733
chrX	148100001	148200001	26988	256.0	0.00948569734697
chrX	148200001	148300001	28521	211.0	0.00739805757161
chrX	148300001	148400001	40575	402.0	0.00990757855823
chrX	148400001	148500001	27673	242.0	0.00874498608752
chrX	148500001	148600001	37953	356.0	0.00938002265961
chrX	148600001	148700001	36825	460.0	0.0124915139172
chrX	148700001	148800001	39160	496.0	0.0126659856997
chrX	148800001	148900001	38608	669.0	0.0173280149192
chrX	148900001	149000001	4278	44.0	0.0102851799906
chrX	149000001	149100001	15460	174.0	0.011254851229
chrX	149100001	149200001	40033	355.0	0.00886768416057
chrX	149200001	149300001	39466	275.0	0.0069680231085
chrX	149300001	149400001	49320	490.0	0.00993511759935
chrX	149400001	149500001	44238	417.0	0.00942628509426
chrX	149500001	149600001	43010	484.0	0.0112531969309
chrX	149600001	149700001	51466	468.0	0.00909338203863
chrX	149700001	149800001	48402	507.0	0.0104747737697
chrX	149800001	149900001	44609	395.0	0.00885471541617
chrX	149900001	150000001	40490	446.0	0.0110150654483
chrX	150000001	150100001	31037	251.0	0.00808712182234
chrX	150100001	150200001	33963	360.0	0.0105997703383
chrX	150200001	150300001	14503	191.0	0.0131696890299
chrX	150300001	150400001	26079	336.0	0.0128839295985
chrX	150400001	150500001	39147	411.0	0.0104988888037
chrX	150500001	150600001	36763	325.0	0.00884041019503
chrX	150600001	150700001	24468	260.0	0.010626123917
chrX	150700001	150800001	38600	404.0	0.0104663212435
chrX	150800001	150900001	52109	560.0	0.0107467040243
chrX	150900001	151000001	46808	571.0	0.0121987694411
chrX	151000001	151100001	30494	370.0	0.0121335344658
chrX	151100001	151200001	26847	338.0	0.0125898610646
chrX	151200001	151300001	24742	265.0	0.0107105326974
chrX	151300001	151400001	31620	326.0	0.0103099304238
chrX	151400001	151500001	20035	214.0	0.0106813077115
chrX	151500001	151600001	30517	284.0	0.00930628829833
chrX	151600001	151700001	14994	152.0	0.0101373882886
chrX	151700001	151800001	31212	292.0	0.00935537613738
chrX	151800001	151900001	50240	854.0	0.0169984076433
chrX	151900001	152000001	46114	1118.0	0.0242442642148
chrX	152000001	152100001	48999	522.0	0.0106532786383
chrX	152100001	152200001	30851	542.0	0.0175683122103
chrX	152200001	152300001	27422	505.0	0.018415870469
chrX	152300001	152400001	19706	261.0	0.0132446970466
chrX	152400001	152500001	46848	537.0	0.011462602459
chrX	152500001	152600001	44523	543.0	0.0121959436696
chrX	152600001	152700001	38349	427.0	0.0111345797804
chrX	152700001	152800001	62065	955.0	0.0153870941755
chrX	152800001	152900001	48045	486.0	0.0101155167031
chrX	152900001	153000001	39082	438.0	0.0112072053631
chrX	153000001	153100001	43388	518.0	0.0119387849175
chrX	153100001	153200001	46102	393.0	0.00852457594031
chrX	153200001	153300001	54073	473.0	0.00874743402437
chrX	153300001	153400001	33862	276.0	0.00815072943122
chrX	153400001	153500001	48249	468.0	0.00969968289498
chrX	153500001	153600001	40681	474.0	0.0116516309825
chrX	153600001	153700001	48172	523.0	0.0108569293365
chrX	153700001	153800001	37944	402.0	0.0105945604048
chrX	153800001	153900001	42602	435.0	0.0102107882259
chrX	153900001	154000001	37513	273.0	0.00727747714126
chrX	154000001	154100001	30797	254.0	0.00824755658019
chrX	154100001	154200001	24315	167.0	0.00686818836109
chrX	154200001	154300001	33067	220.0	0.00665315873832
chrX	154300001	154400001	26250	221.0	0.00841904761905
chrX	154400001	154500001	33535	255.0	0.00760399582526
chrX	154500001	154600001	23441	161.0	0.00686830766606
chrX	154600001	154700001	17085	181.0	0.0105940883816
chrX	154700001	154800001	20043	134.0	0.00668562590431
chrX	154800001	154900001	9308	74.0	0.00795015040825
chrX	154900001	155000001	19435	151.0	0.00776948803705
chrX	155000001	155100001	19464	150.0	0.0077065351418
chrX	155100001	155200001	18666	156.0	0.00835744133719
chrX	155200001	155270560	7618	110.0	0.0144394854292
