chrX	1	1000001	102256	3103.0	0.0303454076044
chrX	100001	1100001	111708	3295.0	0.0294965445626
chrX	200001	1200001	110057	3140.0	0.0285306704708
chrX	300001	1300001	121442	3443.0	0.028350982362
chrX	400001	1400001	117568	3259.0	0.027720127926
chrX	500001	1500001	104386	2840.0	0.027206713544
chrX	600001	1600001	109826	3012.0	0.0274251998616
chrX	700001	1700001	110343	3030.0	0.0274598298034
chrX	800001	1800001	99811	2812.0	0.0281732474377
chrX	900001	1900001	76396	2208.0	0.0289020367559
chrX	1000001	2000001	76401	1886.0	0.0246855407652
chrX	1100001	2100001	84774	2110.0	0.0248897067497
chrX	1200001	2200001	97631	2309.0	0.0236502750151
chrX	1300001	2300001	113775	2531.0	0.0222456602944
chrX	1400001	2400001	136475	3002.0	0.0219967026928
chrX	1500001	2500001	162918	3396.0	0.0208448421905
chrX	1600001	2600001	196686	3791.0	0.0192743764172
chrX	1700001	2700001	240153	4474.0	0.0186297901754
chrX	1800001	2800001	280291	4981.0	0.0177708167583
chrX	1900001	2900001	301590	5238.0	0.0173679498657
chrX	2000001	3000001	323358	5370.0	0.0166069804984
chrX	2100001	3100001	303978	4889.0	0.0160834007724
chrX	2200001	3200001	283970	4505.0	0.0158643518682
chrX	2300001	3300001	255913	3952.0	0.0154427481214
chrX	2400001	3400001	232597	3358.0	0.0144369875794
chrX	2500001	3500001	233316	3245.0	0.0139081760359
chrX	2600001	3600001	221820	3014.0	0.0135875935443
chrX	2700001	3700001	212436	2671.0	0.0125731985163
chrX	2800001	3800001	211972	2698.0	0.0127280961636
chrX	2900001	3900001	226880	2873.0	0.0126630818054
chrX	3000001	4000001	240064	2981.0	0.0124175219941
chrX	3100001	4100001	281545	3460.0	0.0122893320784
chrX	3200001	4200001	325581	4098.0	0.0125867295696
chrX	3300001	4300001	368908	4571.0	0.0123906231364
chrX	3400001	4400001	408317	4983.0	0.0122037534563
chrX	3500001	4500001	411061	4983.0	0.0121222884195
chrX	3600001	4600001	421418	5013.0	0.0118955526342
chrX	3700001	4700001	428338	5118.0	0.011948507954
chrX	3800001	4800001	424677	4972.0	0.0117077213977
chrX	3900001	4900001	434050	5058.0	0.0116530353646
chrX	4000001	5000001	437903	5267.0	0.0120277778412
chrX	4100001	5100001	436717	5350.0	0.0122504963168
chrX	4200001	5200001	443850	5306.0	0.0119544891292
chrX	4300001	5300001	443783	5340.0	0.0120329079753
chrX	4400001	5400001	440294	5478.0	0.0124416866912
chrX	4500001	5500001	443411	5544.0	0.01250307277
chrX	4600001	5600001	447299	5613.0	0.0125486531381
chrX	4700001	5700001	454616	5589.0	0.012293891988
chrX	4800001	5800001	470852	5627.0	0.0119506766457
chrX	4900001	5900001	487538	5619.0	0.0115252554673
chrX	5000001	6000001	498372	5583.0	0.0112024752594
chrX	5100001	6100001	516001	5541.0	0.0107383512823
chrX	5200001	6200001	520275	5678.0	0.0109134592283
chrX	5300001	6300001	518357	5616.0	0.0108342320061
chrX	5400001	6400001	523623	5476.0	0.0104579057834
chrX	5500001	6500001	528157	5446.0	0.0103113278817
chrX	5600001	6600001	514592	5151.0	0.0100098718985
chrX	5700001	6700001	500193	4958.0	0.00991217390087
chrX	5800001	6800001	494254	4881.0	0.00987548912098
chrX	5900001	6900001	473972	4677.0	0.00986767150802
chrX	6000001	7000001	469908	4499.0	0.0095742145271
chrX	6100001	7100001	460501	4450.0	0.00966338835312
chrX	6200001	7200001	457449	4125.0	0.00901739866083
chrX	6300001	7300001	476166	4158.0	0.00873224883759
chrX	6400001	7400001	486920	4118.0	0.00845724143596
chrX	6500001	7500001	489945	3933.0	0.00802743165049
chrX	6600001	7600001	508545	4136.0	0.00813300691188
chrX	6700001	7700001	495122	4007.0	0.00809295486769
chrX	6800001	7800001	503313	4143.0	0.00823145835693
chrX	6900001	7900001	518562	4376.0	0.0084387209244
chrX	7000001	8000001	521655	4508.0	0.00864172681178
chrX	7100001	8100001	529388	4575.0	0.0086420545989
chrX	7200001	8200001	526788	4782.0	0.00907765552746
chrX	7300001	8300001	526609	4755.0	0.00902946968244
chrX	7400001	8400001	527770	4944.0	0.00936771699793
chrX	7500001	8500001	530799	5264.0	0.00991712493807
chrX	7600001	8600001	533701	5335.0	0.00999623384629
chrX	7700001	8700001	565606	5672.0	0.0100281821621
chrX	7800001	8800001	545303	5541.0	0.0101613231543
chrX	7900001	8900001	543972	5525.0	0.0101567727751
chrX	8000001	9000001	526128	5404.0	0.0102712647873
chrX	8100001	9100001	519861	5276.0	0.0101488667163
chrX	8200001	9200001	524499	5142.0	0.00980364118902
chrX	8300001	9300001	522997	5294.0	0.0101224290005
chrX	8400001	9400001	501160	5038.0	0.0100526777875
chrX	8500001	9500001	493299	4748.0	0.00962499417189
chrX	8600001	9600001	501186	4791.0	0.00955932528043
chrX	8700001	9700001	505481	4915.0	0.00972341195812
chrX	8800001	9800001	514458	4953.0	0.00962760808462
chrX	8900001	9900001	505010	4977.0	0.00985525039108
chrX	9000001	10000001	498158	4887.0	0.00981014055781
chrX	9100001	10100001	511730	5081.0	0.00992906415493
chrX	9200001	10200001	500262	4974.0	0.00994278997805
chrX	9300001	10300001	489214	4852.0	0.00991795001778
chrX	9400001	10400001	503695	4878.0	0.00968443204717
chrX	9500001	10500001	518730	4950.0	0.00954253657972
chrX	9600001	10600001	519105	4756.0	0.00916192292503
chrX	9700001	10700001	509912	4468.0	0.00876229623935
chrX	9800001	10800001	492378	4229.0	0.00858892964349
chrX	9900001	10900001	494325	4079.0	0.00825165629899
chrX	10000001	11000001	514537	4108.0	0.00798387676688
chrX	10100001	11100001	494974	3795.0	0.00766706938142
chrX	10200001	11200001	510093	3869.0	0.00758489138255
chrX	10300001	11300001	522766	3966.0	0.00758656836902
chrX	10400001	11400001	528780	4068.0	0.00769318052876
chrX	10500001	11500001	530080	4073.0	0.00768374584968
chrX	10600001	11600001	514936	4057.0	0.00787864899716
chrX	10700001	11700001	521954	4111.0	0.00787617299609
chrX	10800001	11800001	549726	4293.0	0.00780934501915
chrX	10900001	11900001	547260	4179.0	0.00763622409823
chrX	11000001	12000001	538208	4130.0	0.00767361317558
chrX	11100001	12100001	542220	4219.0	0.00778097451219
chrX	11200001	12200001	534332	4203.0	0.00786589610953
chrX	11300001	12300001	528893	4049.0	0.00765561276099
chrX	11400001	12400001	537767	4103.0	0.00762969836379
chrX	11500001	12500001	532770	4205.0	0.00789271167671
chrX	11600001	12600001	530087	4236.0	0.00799114107684
chrX	11700001	12700001	524293	4325.0	0.00824920416637
chrX	11800001	12800001	520260	4414.0	0.00848421942875
chrX	11900001	12900001	509593	4471.0	0.00877366839811
chrX	12000001	13000001	503972	4559.0	0.00904613748383
chrX	12100001	13100001	516926	4626.0	0.00894905653807
chrX	12200001	13200001	516100	4549.0	0.00881418329781
chrX	12300001	13300001	505887	4562.0	0.00901782413859
chrX	12400001	13400001	496407	4618.0	0.00930285028213
chrX	12500001	13500001	480362	4391.0	0.00914102281196
chrX	12600001	13600001	481891	4312.0	0.00894808162012
chrX	12700001	13700001	477950	4148.0	0.00867873208495
chrX	12800001	13800001	484173	4071.0	0.00840815163175
chrX	12900001	13900001	503893	4121.0	0.00817832357266
chrX	13000001	14000001	518057	4078.0	0.00787172067938
chrX	13100001	14100001	502436	3991.0	0.00794330024122
chrX	13200001	14200001	494025	4027.0	0.00815140934163
chrX	13300001	14300001	492404	3912.0	0.00794469581888
chrX	13400001	14400001	471907	3652.0	0.00773881294408
chrX	13500001	14500001	471901	3639.0	0.00771136318847
chrX	13600001	14600001	481702	3688.0	0.00765618577461
chrX	13700001	14700001	489549	3773.0	0.00770709367193
chrX	13800001	14800001	470008	3702.0	0.00787646167725
chrX	13900001	14900001	455850	3624.0	0.00794998354722
chrX	14000001	15000001	449260	3694.0	0.00822241018564
chrX	14100001	15100001	442921	3676.0	0.00829944843437
chrX	14200001	15200001	447240	3798.0	0.00849208478669
chrX	14300001	15300001	454233	3896.0	0.00857709589572
chrX	14400001	15400001	468880	3924.0	0.00836887903088
chrX	14500001	15500001	478514	3926.0	0.00820456663755
chrX	14600001	15600001	475153	4017.0	0.00845411898904
chrX	14700001	15700001	474265	4308.0	0.00908352925052
chrX	14800001	15800001	480863	4479.0	0.00931450329928
chrX	14900001	15900001	486655	4486.0	0.00921802919933
chrX	15000001	16000001	480360	4402.0	0.00916396036306
chrX	15100001	16100001	479343	4290.0	0.00894974997027
chrX	15200001	16200001	482415	4158.0	0.00861913497715
chrX	15300001	16300001	464403	4064.0	0.00875102012692
chrX	15400001	16400001	442506	3991.0	0.00901908674685
chrX	15500001	16500001	434724	4014.0	0.00923344466834
chrX	15600001	16600001	410835	3796.0	0.00923971910864
chrX	15700001	16700001	401435	3379.0	0.00841730292575
chrX	15800001	16800001	391271	3166.0	0.00809157847119
chrX	15900001	16900001	390765	3177.0	0.00813020613412
chrX	16000001	17000001	382694	3123.0	0.00816056692815
chrX	16100001	17100001	400516	3301.0	0.00824186799029
chrX	16200001	17200001	399146	3339.0	0.00836536004369
chrX	16300001	17300001	401201	3252.0	0.0081056627476
chrX	16400001	17400001	405292	3341.0	0.00824343929809
chrX	16500001	17500001	419719	3352.0	0.007986295593
chrX	16600001	17600001	439733	3495.0	0.00794800481201
chrX	16700001	17700001	461409	3586.0	0.00777184666966
chrX	16800001	17800001	480206	3784.0	0.00787995152081
chrX	16900001	17900001	487241	3859.0	0.00792010524566
chrX	17000001	18000001	494116	3949.0	0.00799205044969
chrX	17100001	18100001	489228	3982.0	0.00813935424792
chrX	17200001	18200001	483306	3910.0	0.00809011268223
chrX	17300001	18300001	481625	3946.0	0.00819309628861
chrX	17400001	18400001	478547	3858.0	0.0080619040554
chrX	17500001	18500001	458032	3773.0	0.00823741572641
chrX	17600001	18600001	452401	3653.0	0.0080746947951
chrX	17700001	18700001	438499	3642.0	0.00830560617014
chrX	17800001	18800001	423058	3525.0	0.00833219085799
chrX	17900001	18900001	390480	3287.0	0.00841784470395
chrX	18000001	19000001	402742	3340.0	0.00829315045364
chrX	18100001	19100001	401364	3276.0	0.00816216701049
chrX	18200001	19200001	398820	3292.0	0.00825435033348
chrX	18300001	19300001	404236	3434.0	0.00849503755232
chrX	18400001	19400001	416061	3543.0	0.00851557824454
chrX	18500001	19500001	405141	3537.0	0.00873029389768
chrX	18600001	19600001	409806	3654.0	0.00891641410814
chrX	18700001	19700001	415447	3712.0	0.00893495439852
chrX	18800001	19800001	434361	3826.0	0.0088083414487
chrX	18900001	19900001	456001	3955.0	0.0086732265938
chrX	19000001	20000001	449201	3888.0	0.00865536808689
chrX	19100001	20100001	447886	3869.0	0.0086383588681
chrX	19200001	20200001	457137	3911.0	0.00855542211635
chrX	19300001	20300001	466509	3811.0	0.00816918859015
chrX	19400001	20400001	463255	3775.0	0.0081488596993
chrX	19500001	20500001	479696	3830.0	0.00798422334145
chrX	19600001	20600001	470126	3806.0	0.00809570200329
chrX	19700001	20700001	451905	3706.0	0.00820083867184
chrX	19800001	20800001	417982	3410.0	0.00815824604887
chrX	19900001	20900001	405759	3339.0	0.00822902264645
chrX	20000001	21000001	402323	3334.0	0.00828687397936
chrX	20100001	21100001	374530	3150.0	0.00841054121165
chrX	20200001	21200001	367796	3077.0	0.00836605074552
chrX	20300001	21300001	343720	2931.0	0.00852728965437
chrX	20400001	21400001	331693	2769.0	0.00834808090614
chrX	20500001	21500001	343881	2859.0	0.00831392254879
chrX	20600001	21600001	357287	2891.0	0.00809153425677
chrX	20700001	21700001	382544	3004.0	0.0078526914551
chrX	20800001	21800001	414989	3212.0	0.00773996419182
chrX	20900001	21900001	428989	3310.0	0.00771581555704
chrX	21000001	22000001	429982	3299.0	0.00767241419408
chrX	21100001	22100001	454725	3581.0	0.00787508933971
chrX	21200001	22200001	462215	3771.0	0.00815854093874
chrX	21300001	22300001	486719	4171.0	0.00856962641689
chrX	21400001	22400001	502498	4590.0	0.00913436471389
chrX	21500001	22500001	487053	4695.0	0.00963960800981
chrX	21600001	22600001	480453	4949.0	0.0103006953854
chrX	21700001	22700001	458566	5084.0	0.0110867356062
chrX	21800001	22800001	447012	5278.0	0.0118072892898
chrX	21900001	22900001	435093	5390.0	0.0123881560954
chrX	22000001	23000001	443908	5625.0	0.0126715445543
chrX	22100001	23100001	435145	5546.0	0.0127451768951
chrX	22200001	23200001	432097	5627.0	0.0130225389207
chrX	22300001	23300001	422599	5594.0	0.0132371349672
chrX	22400001	23400001	434978	5721.0	0.0131523893162
chrX	22500001	23500001	431976	5789.0	0.0134012074745
chrX	22600001	23600001	409401	5460.0	0.013336557556
chrX	22700001	23700001	409837	5461.0	0.0133248096194
chrX	22800001	23800001	395380	5178.0	0.0130962618241
chrX	22900001	23900001	394019	4983.0	0.0126465982605
chrX	23000001	24000001	371918	4670.0	0.0125565312784
chrX	23100001	24100001	374493	4670.0	0.0124701930343
chrX	23200001	24200001	350240	4227.0	0.0120688670626
chrX	23300001	24300001	341917	3925.0	0.011479394122
chrX	23400001	24400001	322116	3555.0	0.011036396826
chrX	23500001	24500001	320437	3239.0	0.0101080711653
chrX	23600001	24600001	350082	3324.0	0.00949491833342
chrX	23700001	24700001	345458	3055.0	0.00884333261931
chrX	23800001	24800001	363458	3083.0	0.00848241062241
chrX	23900001	24900001	397764	3238.0	0.00814050542533
chrX	24000001	25000001	427939	3357.0	0.00784457597929
chrX	24100001	25100001	441400	3306.0	0.00748980516538
chrX	24200001	25200001	458242	3418.0	0.00745894090895
chrX	24300001	25300001	470802	3495.0	0.00742350287382
chrX	24400001	25400001	461437	3354.0	0.0072685978801
chrX	24500001	25500001	468484	3485.0	0.00743888798764
chrX	24600001	25600001	459468	3477.0	0.0075674475698
chrX	24700001	25700001	459382	3591.0	0.00781702374059
chrX	24800001	25800001	455977	3763.0	0.00825260923248
chrX	24900001	25900001	428851	3717.0	0.00866734600129
chrX	25000001	26000001	397124	3608.0	0.00908532347579
chrX	25100001	26100001	382489	3727.0	0.00974407107132
chrX	25200001	26200001	386214	3978.0	0.0102999891252
chrX	25300001	26300001	391432	4060.0	0.0103721719226
chrX	25400001	26400001	395678	4057.0	0.0102532867635
chrX	25500001	26500001	405567	3956.0	0.00975424529116
chrX	25600001	26600001	403641	3803.0	0.00942173862417
chrX	25700001	26700001	398241	3707.0	0.0093084338378
chrX	25800001	26800001	393590	3541.0	0.00899667166341
chrX	25900001	26900001	385971	3437.0	0.00890481409225
chrX	26000001	27000001	401393	3570.0	0.00889402655253
chrX	26100001	27100001	400476	3551.0	0.00886694833149
chrX	26200001	27200001	411729	3414.0	0.00829186188002
chrX	26300001	27300001	411359	3381.0	0.00821909816
chrX	26400001	27400001	401461	3312.0	0.00824986735947
chrX	26500001	27500001	396361	3391.0	0.00855533213409
chrX	26600001	27600001	389965	3430.0	0.00879566114908
chrX	26700001	27700001	394087	3470.0	0.00880516231188
chrX	26800001	27800001	390910	3367.0	0.00861323578317
chrX	26900001	27900001	399309	3431.0	0.008592343273
chrX	27000001	28000001	405679	3469.0	0.00855109581714
chrX	27100001	28100001	417006	3505.0	0.0084051548419
chrX	27200001	28200001	404976	3454.0	0.00852890047805
chrX	27300001	28300001	396742	3439.0	0.00866810168825
chrX	27400001	28400001	412073	3560.0	0.00863924595885
chrX	27500001	28500001	397611	3456.0	0.00869191244709
chrX	27600001	28600001	407585	3549.0	0.00870738618938
chrX	27700001	28700001	434948	3753.0	0.00862861767384
chrX	27800001	28800001	448092	4099.0	0.00914767503102
chrX	27900001	28900001	462242	4329.0	0.00936522427646
chrX	28000001	29000001	459719	4440.0	0.00965807373635
chrX	28100001	29100001	471653	4650.0	0.0098589429093
chrX	28200001	29200001	485009	4945.0	0.0101956870903
chrX	28300001	29300001	506266	5181.0	0.010233750637
chrX	28400001	29400001	510986	5405.0	0.0105775892099
chrX	28500001	29500001	534878	5735.0	0.0107220712013
chrX	28600001	29600001	538246	5852.0	0.0108723520472
chrX	28700001	29700001	520134	5867.0	0.0112797855937
chrX	28800001	29800001	530268	6093.0	0.0114904161669
chrX	28900001	29900001	534007	6147.0	0.0115110850607
chrX	29000001	30000001	554437	6170.0	0.0111284059325
chrX	29100001	30100001	529089	5886.0	0.011124782409
chrX	29200001	30200001	514826	5610.0	0.0108968855497
chrX	29300001	30300001	511360	5524.0	0.0108025657071
chrX	29400001	30400001	509043	5389.0	0.0105865319826
chrX	29500001	30500001	501819	5334.0	0.0106293304957
chrX	29600001	30600001	491320	5153.0	0.0104880729463
chrX	29700001	30700001	487118	4942.0	0.0101453857176
chrX	29800001	30800001	473286	4424.0	0.0093474136146
chrX	29900001	30900001	455356	4069.0	0.00893586556453
chrX	30000001	31000001	429653	3802.0	0.00884900140346
chrX	30100001	31100001	429307	3869.0	0.00901219872958
chrX	30200001	31200001	446557	4228.0	0.00946799624684
chrX	30300001	31300001	451868	4491.0	0.00993874317278
chrX	30400001	31400001	469885	4752.0	0.0101131127829
chrX	30500001	31500001	474971	4693.0	0.00988060323683
chrX	30600001	31600001	491163	4910.0	0.00999668134611
chrX	30700001	31700001	510221	5222.0	0.0102347806147
chrX	30800001	31800001	518132	5514.0	0.0106420757645
chrX	30900001	31900001	525422	5819.0	0.0110749074078
chrX	31000001	32000001	536789	6296.0	0.0117290033887
chrX	31100001	32100001	561331	6836.0	0.0121781978904
chrX	31200001	32200001	565075	7054.0	0.0124832986772
chrX	31300001	32300001	555427	7081.0	0.0127487500608
chrX	31400001	32400001	561092	7570.0	0.013491548623
chrX	31500001	32500001	561298	8166.0	0.014548421694
chrX	31600001	32600001	560921	8678.0	0.0154709843276
chrX	31700001	32700001	543407	8870.0	0.0163229402639
chrX	31800001	32800001	534036	9202.0	0.0172310480941
chrX	31900001	32900001	532714	9504.0	0.0178407175332
chrX	32000001	33000001	536801	9542.0	0.0177756747845
chrX	32100001	33100001	530035	9228.0	0.0174101710264
chrX	32200001	33200001	527144	9026.0	0.0171224561031
chrX	32300001	33300001	521396	9000.0	0.017261352216
chrX	32400001	33400001	500388	8340.0	0.0166670663565
chrX	32500001	33500001	475218	7545.0	0.0158769238539
chrX	32600001	33600001	440992	6661.0	0.0151045823961
chrX	32700001	33700001	436975	6151.0	0.0140763201556
chrX	32800001	33800001	426124	5593.0	0.013125287475
chrX	32900001	33900001	407769	5044.0	0.0123697485586
chrX	33000001	34000001	382533	4598.0	0.0120198780236
chrX	33100001	34100001	367799	4362.0	0.0118597386072
chrX	33200001	34200001	339866	3942.0	0.011598688895
chrX	33300001	34300001	327616	3481.0	0.0106252441883
chrX	33400001	34400001	330387	3456.0	0.010460460006
chrX	33500001	34500001	330918	3572.0	0.010794214881
chrX	33600001	34600001	351309	3786.0	0.0107768374849
chrX	33700001	34700001	364079	3877.0	0.0106487877631
chrX	33800001	34800001	370931	3936.0	0.0106111379205
chrX	33900001	34900001	376199	3981.0	0.0105821652902
chrX	34000001	35000001	387862	4023.0	0.0103722457988
chrX	34100001	35100001	386966	4082.0	0.0105487303794
chrX	34200001	35200001	397243	4092.0	0.01030099964
chrX	34300001	35300001	394774	4123.0	0.0104439502095
chrX	34400001	35400001	379757	3899.0	0.0102670918508
chrX	34500001	35500001	386504	3786.0	0.00979550017594
chrX	34600001	35600001	384880	3718.0	0.00966015381418
chrX	34700001	35700001	365264	3676.0	0.010063953743
chrX	34800001	35800001	363278	3738.0	0.0102896404407
chrX	34900001	35900001	369423	3772.0	0.0102105174827
chrX	35000001	36000001	359837	3718.0	0.0103324560843
chrX	35100001	36100001	361393	3578.0	0.00990057914791
chrX	35200001	36200001	354614	3645.0	0.0102787819996
chrX	35300001	36300001	366458	3753.0	0.0102412827664
chrX	35400001	36400001	388661	3957.0	0.010181108987
chrX	35500001	36500001	382230	3957.0	0.0103524056197
chrX	35600001	36600001	385972	3984.0	0.0103219922689
chrX	35700001	36700001	381276	3971.0	0.0104150274342
chrX	35800001	36800001	357970	3678.0	0.0102746040171
chrX	35900001	36900001	354032	3575.0	0.0100979572468
chrX	36000001	37000001	355990	3443.0	0.00967161998933
chrX	36100001	37100001	353504	3612.0	0.0102177061646
chrX	36200001	37200001	338173	3417.0	0.0101042957303
chrX	36300001	37300001	332698	3292.0	0.0098948596024
chrX	36400001	37400001	313154	3309.0	0.0105666860395
chrX	36500001	37500001	328435	3562.0	0.0108453727526
chrX	36600001	37600001	339966	3620.0	0.0106481236359
chrX	36700001	37700001	356711	3702.0	0.0103781492581
chrX	36800001	37800001	382019	3955.0	0.0103528882071
chrX	36900001	37900001	379381	3907.0	0.0102983544247
chrX	37000001	38000001	395784	4108.0	0.010379398864
chrX	37100001	38100001	410425	3945.0	0.00961198757386
chrX	37200001	38200001	435895	4242.0	0.00973170144186
chrX	37300001	38300001	442534	4329.0	0.00978229921317
chrX	37400001	38400001	446057	4183.0	0.0093777252683
chrX	37500001	38500001	453003	4013.0	0.00885866098017
chrX	37600001	38600001	446065	4009.0	0.00898747940323
chrX	37700001	38700001	446204	3891.0	0.0087202266228
chrX	37800001	38800001	458068	3859.0	0.00842451339102
chrX	37900001	38900001	471047	4032.0	0.00855965540594
chrX	38000001	39000001	454205	3920.0	0.0086304642177
chrX	38100001	39100001	451520	3968.0	0.00878809355067
chrX	38200001	39200001	447400	3837.0	0.00857621814931
chrX	38300001	39300001	445288	3780.0	0.0084888880904
chrX	38400001	39400001	452396	3876.0	0.00856771501074
chrX	38500001	39500001	438136	3872.0	0.00883743860354
chrX	38600001	39600001	435539	3842.0	0.008821253665
chrX	38700001	39700001	432890	3815.0	0.00881286238998
chrX	38800001	39800001	432741	3927.0	0.00907471212573
chrX	38900001	39900001	428740	3863.0	0.00901012268508
chrX	39000001	40000001	448402	4000.0	0.00892056681282
chrX	39100001	40100001	444366	3898.0	0.00877204826652
chrX	39200001	40200001	435227	3802.0	0.00873567127039
chrX	39300001	40300001	418526	3747.0	0.00895284880748
chrX	39400001	40400001	411484	3682.0	0.00894810004763
chrX	39500001	40500001	415883	3622.0	0.00870918022617
chrX	39600001	40600001	415402	3588.0	0.00863741628591
chrX	39700001	40700001	394849	3431.0	0.00868939771913
chrX	39800001	40800001	368646	3106.0	0.00842542710351
chrX	39900001	40900001	348857	3006.0	0.00861671114525
chrX	40000001	41000001	329271	2848.0	0.00864941036411
chrX	40100001	41100001	333654	2879.0	0.00862869919138
chrX	40200001	41200001	333830	2891.0	0.00866009645628
chrX	40300001	41300001	335650	2841.0	0.00846417399076
chrX	40400001	41400001	339581	2848.0	0.00838680609339
chrX	40500001	41500001	344226	2904.0	0.00843631800038
chrX	40600001	41600001	339271	2871.0	0.00846226173177
chrX	40700001	41700001	349554	3019.0	0.00863671993455
chrX	40800001	41800001	371624	3286.0	0.00884227068219
chrX	40900001	41900001	384571	3371.0	0.00876561155157
chrX	41000001	42000001	389275	3383.0	0.00869051441783
chrX	41100001	42100001	382613	3423.0	0.00894637662599
chrX	41200001	42200001	380193	3394.0	0.00892704494822
chrX	41300001	42300001	385656	3485.0	0.0090365507084
chrX	41400001	42400001	384370	3488.0	0.00907458958816
chrX	41500001	42500001	368644	3516.0	0.00953765692647
chrX	41600001	42600001	366107	3585.0	0.0097922192146
chrX	41700001	42700001	366957	3624.0	0.00987581651256
chrX	41800001	42800001	352930	3440.0	0.00974697532089
chrX	41900001	42900001	345297	3334.0	0.00965545602771
chrX	42000001	43000001	346970	3459.0	0.00996916159899
chrX	42100001	43100001	340926	3424.0	0.0100432351889
chrX	42200001	43200001	334473	3364.0	0.0100576130211
chrX	42300001	43300001	324626	3231.0	0.00995299205855
chrX	42400001	43400001	318511	3181.0	0.00998709620704
chrX	42500001	43500001	321809	3044.0	0.00945902693834
chrX	42600001	43600001	331272	3114.0	0.00940013040643
chrX	42700001	43700001	354788	3225.0	0.00908993539804
chrX	42800001	43800001	375708	3383.0	0.00900433315234
chrX	42900001	43900001	409860	3616.0	0.00882252476455
chrX	43000001	44000001	409313	3565.0	0.00870971603638
chrX	43100001	44100001	417801	3477.0	0.00832214379573
chrX	43200001	44200001	441347	3592.0	0.00813872077979
chrX	43300001	44300001	440570	3609.0	0.00819166080305
chrX	43400001	44400001	440309	3581.0	0.00813292483233
chrX	43500001	44500001	424323	3478.0	0.00819658609126
chrX	43600001	44600001	405257	3254.0	0.00802947265562
chrX	43700001	44700001	372140	3008.0	0.00808297952384
chrX	43800001	44800001	350666	2860.0	0.00815590904165
chrX	43900001	44900001	331908	2768.0	0.00833966038782
chrX	44000001	45000001	339771	2835.0	0.00834385512595
chrX	44100001	45100001	331410	3000.0	0.00905223137503
chrX	44200001	45200001	306714	2902.0	0.00946158310348
chrX	44300001	45300001	305282	2876.0	0.00942079781972
chrX	44400001	45400001	300242	2789.0	0.00928917340012
chrX	44500001	45500001	302472	2817.0	0.00931325874792
chrX	44600001	45600001	310007	2895.0	0.00933849880809
chrX	44700001	45700001	345258	3096.0	0.00896720713206
chrX	44800001	45800001	359112	3176.0	0.00884403751476
chrX	44900001	45900001	346111	3063.0	0.00884976207055
chrX	45000001	46000001	314360	2746.0	0.00873520804174
chrX	45100001	46100001	305375	2517.0	0.00824232501023
chrX	45200001	46200001	317612	2580.0	0.00812311877385
chrX	45300001	46300001	322319	2647.0	0.00821236104604
chrX	45400001	46400001	317057	2688.0	0.00847797083805
chrX	45500001	46500001	340320	2884.0	0.00847437705689
chrX	45600001	46600001	350042	2873.0	0.00820758651819
chrX	45700001	46700001	319494	2655.0	0.00831001521155
chrX	45800001	46800001	308022	2509.0	0.0081455220731
chrX	45900001	46900001	316686	2520.0	0.00795740891609
chrX	46000001	47000001	327822	2568.0	0.00783351940992
chrX	46100001	47100001	334275	2672.0	0.00799341859248
chrX	46200001	47200001	323881	2695.0	0.00832095738867
chrX	46300001	47300001	308903	2525.0	0.00817408701113
chrX	46400001	47400001	309792	2483.0	0.00801505526289
chrX	46500001	47500001	304246	2378.0	0.0078160435963
chrX	46600001	47600001	282857	2286.0	0.00808182226355
chrX	46700001	47700001	276841	2289.0	0.00826828396083
chrX	46800001	47800001	262094	2234.0	0.00852365945043
chrX	46900001	47900001	254685	2280.0	0.00895223511396
chrX	47000001	48000001	227593	2091.0	0.00918745304117
chrX	47100001	48100001	194725	1787.0	0.00917704455001
chrX	47200001	48200001	172082	1502.0	0.00872839692705
chrX	47300001	48300001	161290	1417.0	0.00878541757084
chrX	47400001	48400001	167975	1569.0	0.00934067569579
chrX	47500001	48500001	152439	1511.0	0.00991216158595
chrX	47600001	48600001	152106	1431.0	0.00940791290284
chrX	47700001	48700001	160448	1492.0	0.00929896290387
chrX	47800001	48800001	168821	1497.0	0.00886738024298
chrX	47900001	48900001	158364	1316.0	0.0083099694375
chrX	48000001	49000001	185461	1555.0	0.00838451210767
chrX	48100001	49100001	218240	1895.0	0.00868310117302
chrX	48200001	49200001	256632	2460.0	0.00958571027775
chrX	48300001	49300001	283308	3071.0	0.0108397927344
chrX	48400001	49400001	296704	3487.0	0.0117524536238
chrX	48500001	49500001	303129	3741.0	0.012341280445
chrX	48600001	49600001	318476	3921.0	0.0123117597558
chrX	48700001	49700001	320513	3955.0	0.0123395930898
chrX	48800001	49800001	330907	4065.0	0.0122844182807
chrX	48900001	49900001	349399	4189.0	0.0119891585265
chrX	49000001	50000001	352901	4218.0	0.011952360577
chrX	49100001	50100001	330329	3974.0	0.012030430268
chrX	49200001	50200001	349565	3876.0	0.0110880665971
chrX	49300001	50300001	363846	3595.0	0.0098805538607
chrX	49400001	50400001	356971	3144.0	0.00880743813923
chrX	49500001	50500001	363224	2929.0	0.00806389445631
chrX	49600001	50600001	363994	2938.0	0.00807156161915
chrX	49700001	50700001	358681	2869.0	0.00799875097928
chrX	49800001	50800001	350570	3132.0	0.00893402173603
chrX	49900001	50900001	336804	3072.0	0.00912103181672
chrX	50000001	51000001	329185	3132.0	0.00951440679253
chrX	50100001	51100001	343295	3262.0	0.00950203178025
chrX	50200001	51200001	301888	2951.0	0.00977514839941
chrX	50300001	51300001	281742	2938.0	0.0104279802088
chrX	50400001	51400001	270591	2888.0	0.0106729344287
chrX	50500001	51500001	265012	2890.0	0.0109051665585
chrX	50600001	51600001	248355	2725.0	0.0109721970566
chrX	50700001	51700001	252826	2693.0	0.0106515943772
chrX	50800001	51800001	236952	2268.0	0.00957155879672
chrX	50900001	51900001	225935	2193.0	0.00970633146701
chrX	51000001	52000001	225559	2078.0	0.00921266719572
chrX	51100001	52100001	240665	2295.0	0.00953607711965
chrX	51200001	52200001	272735	2590.0	0.00949639760207
chrX	51300001	52300001	302126	3049.0	0.0100918159973
chrX	51400001	52400001	323849	3242.0	0.0100108383846
chrX	51500001	52500001	316384	3676.0	0.0116187923536
chrX	51600001	52600001	348717	4240.0	0.0121588566087
chrX	51700001	52700001	350353	4498.0	0.0128384800473
chrX	51800001	52800001	369300	4936.0	0.0133658272407
chrX	51900001	52900001	396615	5521.0	0.0139203005433
chrX	52000001	53000001	418071	5747.0	0.0137464689012
chrX	52100001	53100001	395666	5502.0	0.0139056679118
chrX	52200001	53200001	367499	5195.0	0.0141360928873
chrX	52300001	53300001	345485	4614.0	0.0133551384286
chrX	52400001	53400001	320275	4453.0	0.013903676528
chrX	52500001	53500001	327483	3986.0	0.0121716241759
chrX	52600001	53600001	295385	3410.0	0.0115442558018
chrX	52700001	53700001	316593	3344.0	0.0105624571611
chrX	52800001	53800001	308805	2981.0	0.00965334110523
chrX	52900001	53900001	275096	2339.0	0.00850248640475
chrX	53000001	54000001	236536	1953.0	0.00825667128894
chrX	53100001	54100001	247918	1915.0	0.00772432820529
chrX	53200001	54200001	244612	1894.0	0.00774287442971
chrX	53300001	54300001	250457	1938.0	0.00773785520069
chrX	53400001	54400001	258622	1881.0	0.00727316314931
chrX	53500001	54500001	252882	1821.0	0.00720098702161
chrX	53600001	54600001	257723	1893.0	0.00734509531551
chrX	53700001	54700001	211281	1570.0	0.00743086221667
chrX	53800001	54800001	205296	1528.0	0.00744291169823
chrX	53900001	54900001	227467	1740.0	0.00764946124053
chrX	54000001	55000001	246078	1935.0	0.00786336039792
chrX	54100001	55100001	248146	1980.0	0.00797917355105
chrX	54200001	55200001	277955	2363.0	0.00850137612203
chrX	54300001	55300001	270003	2324.0	0.00860731177061
chrX	54400001	55400001	263672	2297.0	0.00871158105525
chrX	54500001	55500001	268600	2344.0	0.00872673119881
chrX	54600001	55600001	287537	2508.0	0.00872235573161
chrX	54700001	55700001	308307	2721.0	0.0088256186204
chrX	54800001	55800001	308121	2709.0	0.00879200054524
chrX	54900001	55900001	296205	2583.0	0.00872031194612
chrX	55000001	56000001	289535	2520.0	0.00870361096241
chrX	55100001	56100001	269821	2381.0	0.00882436874817
chrX	55200001	56200001	242274	2056.0	0.00848625935924
chrX	55300001	56300001	246058	2072.0	0.00842077884076
chrX	55400001	56400001	234550	1977.0	0.00842890641654
chrX	55500001	56500001	210093	1799.0	0.00856287453651
chrX	55600001	56600001	183710	1580.0	0.00860051167601
chrX	55700001	56700001	159409	1328.0	0.00833077178829
chrX	55800001	56800001	165159	1781.0	0.010783547975
chrX	55900001	56900001	185911	2700.0	0.0145230782471
chrX	56000001	57000001	173769	2554.0	0.014697673348
chrX	56100001	57100001	182329	2638.0	0.0144683511674
chrX	56200001	57200001	175259	2726.0	0.0155541227555
chrX	56300001	57300001	151761	2579.0	0.0169938258182
chrX	56400001	57400001	149933	2571.0	0.0171476592878
chrX	56500001	57500001	155984	2622.0	0.0168094163504
chrX	56600001	57600001	141845	2539.0	0.0178998202263
chrX	56700001	57700001	154783	2633.0	0.0170109120511
chrX	56800001	57800001	142641	2207.0	0.015472409756
chrX	56900001	57900001	109965	1168.0	0.0106215614059
chrX	57000001	58000001	128365	1348.0	0.0105013048728
chrX	57100001	58100001	114157	1248.0	0.010932312517
chrX	57200001	58200001	102147	979.0	0.00958422665374
chrX	57300001	58300001	96052	914.0	0.0095156790072
chrX	57400001	58400001	84865	815.0	0.00960348789254
chrX	57500001	58500001	74065	716.0	0.00966718423007
chrX	57600001	58600001	68266	641.0	0.00938974013418
chrX	57700001	58700001	49882	502.0	0.0100637504511
chrX	57800001	58800001	35871	332.0	0.00925538736026
chrX	57900001	58900001	29290	279.0	0.00952543530215
chrX	58000001	59000001	5591	60.0	0.0107315328206
chrX	58100001	59100001	485	10.0	0.020618556701
chrX	58200001	59200001	485	10.0	0.020618556701
chrX	58300001	59300001	213	6.0	0.0281690140845
chrX	58400001	59400001	213	6.0	0.0281690140845
chrX	58500001	59500001	0	0.0	NA
chrX	58600001	59600001	0	0.0	NA
chrX	58700001	59700001	0	0.0	NA
chrX	58800001	59800001	0	0.0	NA
chrX	58900001	59900001	0	0.0	NA
chrX	59000001	60000001	0	0.0	NA
chrX	59100001	60100001	0	0.0	NA
chrX	59200001	60200001	0	0.0	NA
chrX	59300001	60300001	0	0.0	NA
chrX	59400001	60400001	0	0.0	NA
chrX	59500001	60500001	0	0.0	NA
chrX	59600001	60600001	0	0.0	NA
chrX	59700001	60700001	0	0.0	NA
chrX	59800001	60800001	0	0.0	NA
chrX	59900001	60900001	0	0.0	NA
chrX	60000001	61000001	0	0.0	NA
chrX	60100001	61100001	0	0.0	NA
chrX	60200001	61200001	0	0.0	NA
chrX	60300001	61300001	0	0.0	NA
chrX	60400001	61400001	0	0.0	NA
chrX	60500001	61500001	0	0.0	NA
chrX	60600001	61600001	0	0.0	NA
chrX	60700001	61700001	0	0.0	NA
chrX	60800001	61800001	498	9.0	0.0180722891566
chrX	60900001	61900001	498	9.0	0.0180722891566
chrX	61000001	62000001	498	9.0	0.0180722891566
chrX	61100001	62100001	13237	152.0	0.0114829644179
chrX	61200001	62200001	16569	186.0	0.0112257830889
chrX	61300001	62300001	22392	265.0	0.0118345837799
chrX	61400001	62400001	28238	331.0	0.0117217933281
chrX	61500001	62500001	35381	390.0	0.0110228653797
chrX	61600001	62600001	48978	521.0	0.0106374290498
chrX	61700001	62700001	57767	592.0	0.0102480655045
chrX	61800001	62800001	73677	757.0	0.0102745768693
chrX	61900001	62900001	102889	999.0	0.00970949275433
chrX	62000001	63000001	151737	1296.0	0.00854109412997
chrX	62100001	63100001	163778	1410.0	0.00860921491287
chrX	62200001	63200001	182452	1622.0	0.00889000942714
chrX	62300001	63300001	190322	1678.0	0.00881663706771
chrX	62400001	63400001	198747	1757.0	0.0088403850121
chrX	62500001	63500001	229356	1949.0	0.00849770662202
chrX	62600001	63600001	241909	2007.0	0.0082965081911
chrX	62700001	63700001	254199	2125.0	0.00835959228793
chrX	62800001	63800001	252746	2111.0	0.00835225878946
chrX	62900001	63900001	241528	2070.0	0.00857043489782
chrX	63000001	64000001	211875	1957.0	0.00923657817109
chrX	63100001	64100001	199905	1938.0	0.00969460493735
chrX	63200001	64200001	196533	1839.0	0.00935720718658
chrX	63300001	64300001	203691	1854.0	0.00910202218066
chrX	63400001	64400001	195158	1780.0	0.00912081492944
chrX	63500001	64500001	166785	1605.0	0.00962316755104
chrX	63600001	64600001	152002	1513.0	0.00995381639715
chrX	63700001	64700001	139388	1402.0	0.0100582546561
chrX	63800001	64800001	171825	1572.0	0.00914884329987
chrX	63900001	64900001	194823	1684.0	0.0086437432952
chrX	64000001	65000001	215407	1775.0	0.00824021503479
chrX	64100001	65100001	238945	1921.0	0.00803950699952
chrX	64200001	65200001	238498	1931.0	0.00809650395391
chrX	64300001	65300001	273555	2291.0	0.0083749154649
chrX	64400001	65400001	295261	2477.0	0.00838918787107
chrX	64500001	65500001	307085	2627.0	0.00855463471026
chrX	64600001	65600001	306071	2650.0	0.00865812180834
chrX	64700001	65700001	334998	3055.0	0.0091194574296
chrX	64800001	65800001	293504	2812.0	0.00958078935892
chrX	64900001	65900001	280051	2856.0	0.0101981424812
chrX	65000001	66000001	260825	2795.0	0.0107159973162
chrX	65100001	66100001	240588	2566.0	0.0106655361032
chrX	65200001	66200001	250238	2726.0	0.0108936292649
chrX	65300001	66300001	206289	2372.0	0.0114984318117
chrX	65400001	66400001	203443	2433.0	0.0119591236857
chrX	65500001	66500001	193161	2367.0	0.0122540264339
chrX	65600001	66600001	203650	2482.0	0.0121875767248
chrX	65700001	66700001	175216	2115.0	0.0120708154506
chrX	65800001	66800001	196572	2304.0	0.0117208961602
chrX	65900001	66900001	208376	2347.0	0.0112632932775
chrX	66000001	67000001	231327	2495.0	0.0107855978766
chrX	66100001	67100001	228546	2476.0	0.0108337052497
chrX	66200001	67200001	210740	2322.0	0.0110183164088
chrX	66300001	67300001	229281	2474.0	0.0107902530083
chrX	66400001	67400001	237091	2405.0	0.0101437844541
chrX	66500001	67500001	258994	2463.0	0.00950987281559
chrX	66600001	67600001	261740	2393.0	0.00914266065561
chrX	66700001	67700001	282293	2559.0	0.00906504943445
chrX	66800001	67800001	277577	2472.0	0.00890563699442
chrX	66900001	67900001	256917	2264.0	0.00881218447981
chrX	67000001	68000001	257147	2361.0	0.0091815187422
chrX	67100001	68100001	289268	2679.0	0.00926130785293
chrX	67200001	68200001	316845	2877.0	0.00908014959996
chrX	67300001	68300001	331291	2985.0	0.00901020552928
chrX	67400001	68400001	348254	3188.0	0.0091542379987
chrX	67500001	68500001	360740	3387.0	0.00938903365305
chrX	67600001	68600001	369731	3509.0	0.00949068376739
chrX	67700001	68700001	366192	3473.0	0.00948409577489
chrX	67800001	68800001	369460	3482.0	0.0094245655822
chrX	67900001	68900001	378523	3499.0	0.00924382402126
chrX	68000001	69000001	353426	3188.0	0.00902027581446
chrX	68100001	69100001	329004	2914.0	0.00885703517282
chrX	68200001	69200001	330086	2839.0	0.00860078888532
chrX	68300001	69300001	322167	2694.0	0.00836212275
chrX	68400001	69400001	305813	2486.0	0.00812915082093
chrX	68500001	69500001	296987	2360.0	0.00794647577167
chrX	68600001	69600001	301749	2380.0	0.00788735008235
chrX	68700001	69700001	315018	2399.0	0.007615437848
chrX	68800001	69800001	321119	2409.0	0.00750189182203
chrX	68900001	69900001	314117	2360.0	0.00751312409071
chrX	69000001	70000001	311233	2335.0	0.00750241780274
chrX	69100001	70100001	309223	2296.0	0.00742506217196
chrX	69200001	70200001	291035	2165.0	0.00743896782174
chrX	69300001	70300001	281940	2123.0	0.0075299709158
chrX	69400001	70400001	290508	2198.0	0.00756605670068
chrX	69500001	70500001	272420	2101.0	0.007712355921
chrX	69600001	70600001	262766	2029.0	0.00772169915438
chrX	69700001	70700001	249107	1982.0	0.00795642033343
chrX	69800001	70800001	249735	2025.0	0.00810859511082
chrX	69900001	70900001	268603	2357.0	0.00877503229674
chrX	70000001	71000001	289797	2819.0	0.00972749890441
chrX	70100001	71100001	295010	3156.0	0.0106979424426
chrX	70200001	71200001	307786	3248.0	0.0105527866765
chrX	70300001	71300001	323473	3419.0	0.0105696611464
chrX	70400001	71400001	321755	3391.0	0.0105390747619
chrX	70500001	71500001	324958	3374.0	0.0103828802491
chrX	70600001	71600001	332357	3415.0	0.0102750957555
chrX	70700001	71700001	334261	3387.0	0.0101328004164
chrX	70800001	71800001	337901	3424.0	0.0101331455071
chrX	70900001	71900001	332715	3193.0	0.00959680206784
chrX	71000001	72000001	327497	2864.0	0.00874511827589
chrX	71100001	72100001	339300	2660.0	0.00783966990864
chrX	71200001	72200001	340075	2649.0	0.00778945820775
chrX	71300001	72300001	303815	2307.0	0.00759343679542
chrX	71400001	72400001	270150	2069.0	0.00765870812512
chrX	71500001	72500001	263628	2032.0	0.00770783073118
chrX	71600001	72600001	235417	1815.0	0.00770972359685
chrX	71700001	72700001	226349	1778.0	0.00785512637564
chrX	71800001	72800001	201872	1577.0	0.00781188079575
chrX	71900001	72900001	176030	1364.0	0.00774867920241
chrX	72000001	73000001	165878	1261.0	0.00760197253403
chrX	72100001	73100001	171615	1301.0	0.00758092241354
chrX	72200001	73200001	153755	1189.0	0.007733081851
chrX	72300001	73300001	156731	1207.0	0.00770109295545
chrX	72400001	73400001	163083	1243.0	0.00762188578822
chrX	72500001	73500001	187756	1455.0	0.0077494194593
chrX	72600001	73600001	215484	1662.0	0.00771286963301
chrX	72700001	73700001	235260	1827.0	0.00776587605203
chrX	72800001	73800001	258186	2091.0	0.00809881248402
chrX	72900001	73900001	283264	2281.0	0.00805255874379
chrX	73000001	74000001	289559	2318.0	0.00800527699018
chrX	73100001	74100001	271309	2169.0	0.00799457445201
chrX	73200001	74200001	288654	2280.0	0.00789872996737
chrX	73300001	74300001	298714	2382.0	0.00797418266302
chrX	73400001	74400001	314276	2510.0	0.00798661049523
chrX	73500001	74500001	285610	2265.0	0.00793039459403
chrX	73600001	74600001	277957	2209.0	0.00794727241983
chrX	73700001	74700001	257509	2026.0	0.00786768617796
chrX	73800001	74800001	239822	1833.0	0.00764316868344
chrX	73900001	74900001	231600	1883.0	0.00813039723661
chrX	74000001	75000001	219272	1827.0	0.00833211718779
chrX	74100001	75100001	200599	1705.0	0.00849954386612
chrX	74200001	75200001	175011	1546.0	0.00883373045123
chrX	74300001	75300001	171280	1566.0	0.00914292386735
chrX	74400001	75400001	165050	1506.0	0.00912450772493
chrX	74500001	75500001	161445	1462.0	0.00905571556877
chrX	74600001	75600001	136893	1280.0	0.00935036853601
chrX	74700001	75700001	129887	1282.0	0.00987011787169
chrX	74800001	75800001	113226	1128.0	0.00996237613269
chrX	74900001	75900001	92712	907.0	0.00978298386401
chrX	75000001	76000001	92175	944.0	0.0102413886629
chrX	75100001	76100001	100049	1058.0	0.010574818339
chrX	75200001	76200001	111458	1179.0	0.0105779755603
chrX	75300001	76300001	117338	1193.0	0.0101672092587
chrX	75400001	76400001	110203	1241.0	0.0112610364509
chrX	75500001	76500001	105854	1219.0	0.0115158614696
chrX	75600001	76600001	112442	1279.0	0.0113747532061
chrX	75700001	76700001	111981	1275.0	0.0113858601013
chrX	75800001	76800001	140359	1438.0	0.0102451570615
chrX	75900001	76900001	162307	1589.0	0.00979008915204
chrX	76000001	77000001	176480	1618.0	0.00916817769719
chrX	76100001	77100001	182633	1605.0	0.00878811605789
chrX	76200001	77200001	197197	1679.0	0.00851432831128
chrX	76300001	77300001	208038	1682.0	0.00808506138302
chrX	76400001	77400001	227076	1710.0	0.00753051841674
chrX	76500001	77500001	234667	1763.0	0.00751277341936
chrX	76600001	77600001	248884	1875.0	0.00753363012488
chrX	76700001	77700001	247926	1830.0	0.00738123472326
chrX	76800001	77800001	239420	1859.0	0.00776459777796
chrX	76900001	77900001	227092	1775.0	0.00781621545453
chrX	77000001	78000001	238372	1910.0	0.00801268605373
chrX	77100001	78100001	251109	2054.0	0.00817971478521
chrX	77200001	78200001	238591	2054.0	0.00860887460131
chrX	77300001	78300001	223185	2035.0	0.00911799628111
chrX	77400001	78400001	217952	2060.0	0.00945162237557
chrX	77500001	78500001	245689	2323.0	0.00945504275731
chrX	77600001	78600001	249191	2401.0	0.00963517944067
chrX	77700001	78700001	277728	2796.0	0.0100674040788
chrX	77800001	78800001	262925	2663.0	0.0101283636018
chrX	77900001	78900001	277292	2782.0	0.0100327452649
chrX	78000001	79000001	254279	2673.0	0.0105120753188
chrX	78100001	79100001	232939	2456.0	0.0105435328562
chrX	78200001	79200001	213803	2212.0	0.0103459726945
chrX	78300001	79300001	219897	2298.0	0.010450347208
chrX	78400001	79400001	211754	2255.0	0.0106491494848
chrX	78500001	79500001	179094	1960.0	0.0109439735558
chrX	78600001	79600001	188364	1976.0	0.0104903272388
chrX	78700001	79700001	174357	1704.0	0.00977305184191
chrX	78800001	79800001	187908	1818.0	0.00967494731464
chrX	78900001	79900001	174269	1719.0	0.00986406073369
chrX	79000001	80000001	202312	1947.0	0.00962374945629
chrX	79100001	80100001	220136	2147.0	0.00975306174365
chrX	79200001	80200001	234740	2296.0	0.00978103433586
chrX	79300001	80300001	227167	2194.0	0.00965809294484
chrX	79400001	80400001	231436	2169.0	0.00937192139512
chrX	79500001	80500001	256734	2420.0	0.0094260986079
chrX	79600001	80600001	249189	2388.0	0.00958308753597
chrX	79700001	80700001	269394	2593.0	0.00962530717091
chrX	79800001	80800001	265096	2581.0	0.0097360956031
chrX	79900001	80900001	264109	2686.0	0.010170043429
chrX	80000001	81000001	234513	2406.0	0.0102595591716
chrX	80100001	81100001	228412	2355.0	0.0103103164457
chrX	80200001	81200001	231831	2419.0	0.010434325004
chrX	80300001	81300001	232221	2474.0	0.0106536445886
chrX	80400001	81400001	220635	2468.0	0.0111858952569
chrX	80500001	81500001	201855	2288.0	0.0113348690892
chrX	80600001	81600001	193798	2193.0	0.0113159062529
chrX	80700001	81700001	166682	1979.0	0.0118729076925
chrX	80800001	81800001	171563	2037.0	0.0118731894406
chrX	80900001	81900001	172531	2009.0	0.0116442842156
chrX	81000001	82000001	184194	2156.0	0.0117050501102
chrX	81100001	82100001	185441	2172.0	0.0117126201865
chrX	81200001	82200001	176178	2093.0	0.0118800304238
chrX	81300001	82300001	176957	2098.0	0.0118559876128
chrX	81400001	82400001	181882	2099.0	0.0115404493023
chrX	81500001	82500001	177366	2049.0	0.0115523832076
chrX	81600001	82600001	187001	2153.0	0.0115133074155
chrX	81700001	82700001	188334	2131.0	0.0113150041947
chrX	81800001	82800001	217726	2311.0	0.0106142582879
chrX	81900001	82900001	222970	2268.0	0.0101717719873
chrX	82000001	83000001	202954	2000.0	0.0098544497768
chrX	82100001	83100001	197082	1931.0	0.00979795212145
chrX	82200001	83200001	204266	1948.0	0.00953658464943
chrX	82300001	83300001	197146	1804.0	0.00915057875889
chrX	82400001	83400001	207555	1821.0	0.00877357808774
chrX	82500001	83500001	249189	2215.0	0.00888883538198
chrX	82600001	83600001	256656	2229.0	0.00868477651019
chrX	82700001	83700001	260052	2270.0	0.00872902342608
chrX	82800001	83800001	247828	2187.0	0.00882466872186
chrX	82900001	83900001	246601	2254.0	0.00914027112623
chrX	83000001	84000001	259892	2438.0	0.00938081972512
chrX	83100001	84100001	276096	2632.0	0.00953291608716
chrX	83200001	84200001	292502	2862.0	0.00978454848172
chrX	83300001	84300001	303598	2989.0	0.0098452558976
chrX	83400001	84400001	308683	3044.0	0.00986124924275
chrX	83500001	84500001	286285	2795.0	0.00976299841067
chrX	83600001	84600001	284224	2746.0	0.00966139383022
chrX	83700001	84700001	288575	2736.0	0.00948107077883
chrX	83800001	84800001	291436	2799.0	0.00960416695261
chrX	83900001	84900001	287670	2690.0	0.00935099245663
chrX	84000001	85000001	278996	2606.0	0.00934063570804
chrX	84100001	85100001	260219	2427.0	0.00932675938344
chrX	84200001	85200001	278128	2374.0	0.00853563826727
chrX	84300001	85300001	295554	2392.0	0.00809327567889
chrX	84400001	85400001	293990	2407.0	0.00818735331134
chrX	84500001	85500001	311291	2558.0	0.00821739144402
chrX	84600001	85600001	310648	2602.0	0.00837603976205
chrX	84700001	85700001	334711	2898.0	0.00865821559495
chrX	84800001	85800001	337218	2951.0	0.00875101566346
chrX	84900001	85900001	350490	3049.0	0.00869924962196
chrX	85000001	86000001	386396	3337.0	0.00863621776623
chrX	85100001	86100001	422724	3712.0	0.00878114325186
chrX	85200001	86200001	390284	3524.0	0.00902932223714
chrX	85300001	86300001	364973	3446.0	0.00944179432451
chrX	85400001	86400001	349625	3394.0	0.00970754379693
chrX	85500001	86500001	323214	3243.0	0.0100336000297
chrX	85600001	86600001	316092	3302.0	0.0104463257533
chrX	85700001	86700001	295873	3097.0	0.0104673288877
chrX	85800001	86800001	282076	3054.0	0.0108268693544
chrX	85900001	86900001	285142	3202.0	0.0112294926738
chrX	86000001	87000001	268796	3174.0	0.0118082114317
chrX	86100001	87100001	246743	2922.0	0.01184228124
chrX	86200001	87200001	258032	3123.0	0.0121031499969
chrX	86300001	87300001	260716	3170.0	0.0121588241612
chrX	86400001	87400001	287720	3445.0	0.0119734464062
chrX	86500001	87500001	289310	3472.0	0.01200096782
chrX	86600001	87600001	279271	3336.0	0.011945386381
chrX	86700001	87700001	283610	3463.0	0.0122104298156
chrX	86800001	87800001	284525	3440.0	0.0120903259819
chrX	86900001	87900001	268243	3227.0	0.0120301368535
chrX	87000001	88000001	259883	3077.0	0.0118399433591
chrX	87100001	88100001	248638	2959.0	0.0119008357532
chrX	87200001	88200001	241781	2913.0	0.0120480931091
chrX	87300001	88300001	249561	3011.0	0.0120651864674
chrX	87400001	88400001	224213	2774.0	0.0123721639691
chrX	87500001	88500001	230096	2810.0	0.012212293999
chrX	87600001	88600001	226106	2729.0	0.0120695602947
chrX	87700001	88700001	228587	2677.0	0.0117110771829
chrX	87800001	88800001	221639	2557.0	0.0115367782746
chrX	87900001	88900001	228957	2634.0	0.0115043436104
chrX	88000001	89000001	227711	2572.0	0.011295018686
chrX	88100001	89100001	229566	2607.0	0.0113562112856
chrX	88200001	89200001	235366	2563.0	0.0108894232812
chrX	88300001	89300001	228877	2413.0	0.0105427806202
chrX	88400001	89400001	237095	2419.0	0.0102026613805
chrX	88500001	89500001	231895	2346.0	0.0101166476207
chrX	88600001	89600001	237721	2493.0	0.010487083598
chrX	88700001	89700001	226698	2449.0	0.0108029184201
chrX	88800001	89800001	224561	2488.0	0.0110793949083
chrX	88900001	89900001	222025	2463.0	0.011093345344
chrX	89000001	90000001	220359	2489.0	0.0112952046433
chrX	89100001	90100001	225044	2547.0	0.0113177867439
chrX	89200001	90200001	220197	2571.0	0.0116759083911
chrX	89300001	90300001	218022	2578.0	0.0118244947758
chrX	89400001	90400001	218943	2604.0	0.0118935065291
chrX	89500001	90500001	219884	2607.0	0.0118562514781
chrX	89600001	90600001	219874	2513.0	0.0114292731292
chrX	89700001	90700001	213146	2376.0	0.0111472887129
chrX	89800001	90800001	216004	2366.0	0.0109535008611
chrX	89900001	90900001	224691	2419.0	0.0107658962753
chrX	90000001	91000001	230208	2478.0	0.0107641784821
chrX	90100001	91100001	270066	2739.0	0.0101419652974
chrX	90200001	91200001	295665	2915.0	0.00985913111122
chrX	90300001	91300001	310685	3084.0	0.00992645283808
chrX	90400001	91400001	329614	3312.0	0.0100481168882
chrX	90500001	91500001	359728	3710.0	0.0103133478628
chrX	90600001	91600001	388672	4068.0	0.0104664086942
chrX	90700001	91700001	423483	4456.0	0.0105222641759
chrX	90800001	91800001	450070	4672.0	0.0103806074611
chrX	90900001	91900001	447550	4683.0	0.010463635348
chrX	91000001	92000001	439522	4594.0	0.0104522640505
chrX	91100001	92100001	394847	4323.0	0.0109485446261
chrX	91200001	92200001	367422	4083.0	0.0111125626664
chrX	91300001	92300001	358165	4006.0	0.0111847891335
chrX	91400001	92400001	326983	3704.0	0.0113278060327
chrX	91500001	92500001	303480	3417.0	0.0112593910637
chrX	91600001	92600001	287423	3221.0	0.0112064796485
chrX	91700001	92700001	263005	3025.0	0.0115016824775
chrX	91800001	92800001	250582	2905.0	0.0115930114693
chrX	91900001	92900001	251677	2945.0	0.0117015062958
chrX	92000001	93000001	271879	3123.0	0.0114867275516
chrX	92100001	93100001	298587	3307.0	0.0110754989333
chrX	92200001	93200001	298053	3353.0	0.0112496770709
chrX	92300001	93300001	298293	3329.0	0.0111601680227
chrX	92400001	93400001	319595	3555.0	0.0111234531204
chrX	92500001	93500001	327204	3593.0	0.0109809171037
chrX	92600001	93600001	328101	3610.0	0.0110027095315
chrX	92700001	93700001	323783	3510.0	0.0108405938545
chrX	92800001	93800001	308363	3371.0	0.0109319211449
chrX	92900001	93900001	311533	3325.0	0.0106730266136
chrX	93000001	94000001	281450	3031.0	0.0107692307692
chrX	93100001	94100001	251996	2776.0	0.0110160478738
chrX	93200001	94200001	241040	2622.0	0.0108778625954
chrX	93300001	94300001	237345	2609.0	0.0109924371695
chrX	93400001	94400001	214488	2325.0	0.0108397672597
chrX	93500001	94500001	196271	2184.0	0.01112747171
chrX	93600001	94600001	179153	2039.0	0.0113813332738
chrX	93700001	94700001	189633	2117.0	0.0111636687707
chrX	93800001	94800001	198482	2209.0	0.0111294726978
chrX	93900001	94900001	193288	2164.0	0.0111957286536
chrX	94000001	95000001	236758	2568.0	0.0108465183859
chrX	94100001	95100001	254177	2725.0	0.0107208756103
chrX	94200001	95200001	278527	2880.0	0.0103401106535
chrX	94300001	95300001	297089	3030.0	0.0101989639468
chrX	94400001	95400001	312012	3153.0	0.0101053805623
chrX	94500001	95500001	322787	3225.0	0.00999110868777
chrX	94600001	95600001	324772	3212.0	0.00989001514909
chrX	94700001	95700001	333595	3186.0	0.00955050285526
chrX	94800001	95800001	340344	3218.0	0.00945513950591
chrX	94900001	95900001	355966	3255.0	0.00914413174292
chrX	95000001	96000001	353625	3102.0	0.00877200424178
chrX	95100001	96100001	367139	3063.0	0.00834288920545
chrX	95200001	96200001	393252	3199.0	0.00813473294478
chrX	95300001	96300001	412259	3195.0	0.00774998241397
chrX	95400001	96400001	448403	3375.0	0.00752671146268
chrX	95500001	96500001	477708	3520.0	0.00736851800682
chrX	95600001	96600001	508779	3684.0	0.00724086489419
chrX	95700001	96700001	519072	3733.0	0.00719168053757
chrX	95800001	96800001	536166	3828.0	0.00713957990622
chrX	95900001	96900001	551406	3992.0	0.00723967457735
chrX	96000001	97000001	542222	3962.0	0.00730697020777
chrX	96100001	97100001	532528	4086.0	0.00767283598233
chrX	96200001	97200001	518936	4051.0	0.00780635762406
chrX	96300001	97300001	501917	3982.0	0.00793358264414
chrX	96400001	97400001	465317	3776.0	0.00811489801576
chrX	96500001	97500001	449106	3663.0	0.00815620365793
chrX	96600001	97600001	434800	3627.0	0.00834176632935
chrX	96700001	97700001	413572	3548.0	0.00857891733483
chrX	96800001	97800001	397077	3370.0	0.00848701889054
chrX	96900001	97900001	366601	3129.0	0.00853516493408
chrX	97000001	98000001	354220	3085.0	0.00870927672068
chrX	97100001	98100001	354864	2958.0	0.00833558771811
chrX	97200001	98200001	329970	2807.0	0.0085068339546
chrX	97300001	98300001	333659	2883.0	0.00864055817466
chrX	97400001	98400001	330966	2877.0	0.00869273580972
chrX	97500001	98500001	308016	2802.0	0.00909693002961
chrX	97600001	98600001	305259	2811.0	0.00920857370299
chrX	97700001	98700001	286537	2617.0	0.00913320094787
chrX	97800001	98800001	269875	2506.0	0.00928578045391
chrX	97900001	98900001	261582	2474.0	0.00945783731296
chrX	98000001	99000001	285445	2682.0	0.0093958555939
chrX	98100001	99100001	266190	2524.0	0.00948194898381
chrX	98200001	99200001	281249	2627.0	0.00934047765503
chrX	98300001	99300001	287342	2716.0	0.00945215109521
chrX	98400001	99400001	299969	2848.0	0.00949431441249
chrX	98500001	99500001	316284	2976.0	0.00940926509087
chrX	98600001	99600001	336433	3006.0	0.00893491423255
chrX	98700001	99700001	380547	3278.0	0.00861391628367
chrX	98800001	99800001	378981	3258.0	0.00859673703959
chrX	98900001	99900001	400509	3328.0	0.00830942625509
chrX	99000001	100000001	391200	3178.0	0.00812372188139
chrX	99100001	100100001	394605	3185.0	0.00807136250174
chrX	99200001	100200001	396591	3159.0	0.00796538499361
chrX	99300001	100300001	373989	2847.0	0.00761252336299
chrX	99400001	100400001	372815	2702.0	0.00724756246396
chrX	99500001	100500001	373901	2552.0	0.00682533611838
chrX	99600001	100600001	353165	2411.0	0.006826837314
chrX	99700001	100700001	339432	2386.0	0.00702939027552
chrX	99800001	100800001	342337	2418.0	0.00706321548649
chrX	99900001	100900001	339744	2504.0	0.00737025525101
chrX	100000001	101000001	339319	2474.0	0.00729107418093
chrX	100100001	101100001	355494	2663.0	0.00749098437667
chrX	100200001	101200001	352414	2631.0	0.00746565119433
chrX	100300001	101300001	351362	2691.0	0.00765876788042
chrX	100400001	101400001	336026	2667.0	0.00793688583622
chrX	100500001	101500001	331518	2707.0	0.00816546914496
chrX	100600001	101600001	336491	2747.0	0.00816366559581
chrX	100700001	101700001	326015	2609.0	0.0080026992623
chrX	100800001	101800001	334794	2675.0	0.00798998787314
chrX	100900001	101900001	326434	2566.0	0.00786070078484
chrX	101000001	102000001	310102	2481.0	0.00800059335315
chrX	101100001	102100001	308343	2409.0	0.00781272803339
chrX	101200001	102200001	311740	2556.0	0.00819914030923
chrX	101300001	102300001	318378	2658.0	0.00834856679796
chrX	101400001	102400001	330262	2727.0	0.00825708074196
chrX	101500001	102500001	329686	2765.0	0.00838676801563
chrX	101600001	102600001	326310	2721.0	0.00833869633171
chrX	101700001	102700001	326609	2716.0	0.00831575369938
chrX	101800001	102800001	342720	2818.0	0.00822245564893
chrX	101900001	102900001	348531	2801.0	0.00803658785015
chrX	102000001	103000001	375606	2951.0	0.00785663700793
chrX	102100001	103100001	389468	3070.0	0.00788254747502
chrX	102200001	103200001	347972	2643.0	0.00759543871346
chrX	102300001	103300001	316788	2331.0	0.00735823326641
chrX	102400001	103400001	283423	2050.0	0.00723300508427
chrX	102500001	103500001	305377	2128.0	0.00696843573681
chrX	102600001	103600001	310065	2160.0	0.00696628126361
chrX	102700001	103700001	309652	2195.0	0.00708860268947
chrX	102800001	103800001	302351	2122.0	0.00701833299708
chrX	102900001	103900001	305090	2200.0	0.00721098692189
chrX	103000001	104000001	298489	2328.0	0.00779928238562
chrX	103100001	104100001	291913	2270.0	0.00777628951092
chrX	103200001	104200001	331177	2589.0	0.00781757187244
chrX	103300001	104300001	363070	2857.0	0.00786900597681
chrX	103400001	104400001	406645	3402.0	0.00836601950104
chrX	103500001	104500001	393503	3439.0	0.00873945052515
chrX	103600001	104600001	397885	3541.0	0.00889955640449
chrX	103700001	104700001	403397	3707.0	0.00918945852349
chrX	103800001	104800001	409335	3822.0	0.009337095533
chrX	103900001	104900001	420085	3890.0	0.00926003070807
chrX	104000001	105000001	414577	3694.0	0.00891028687071
chrX	104100001	105100001	431089	3756.0	0.00871281800278
chrX	104200001	105200001	453986	3958.0	0.00871833052121
chrX	104300001	105300001	445737	3890.0	0.00872711935514
chrX	104400001	105400001	414285	3456.0	0.00834208334842
chrX	104500001	105500001	409228	3298.0	0.0080590770915
chrX	104600001	105600001	401051	3432.0	0.008557515129
chrX	104700001	105700001	394685	3397.0	0.00860686370143
chrX	104800001	105800001	368865	3219.0	0.00872676995649
chrX	104900001	105900001	346992	3081.0	0.00887916724305
chrX	105000001	106000001	351081	3081.0	0.0087757526041
chrX	105100001	106100001	331359	2962.0	0.00893894537345
chrX	105200001	106200001	307608	2729.0	0.00887168084055
chrX	105300001	106300001	316399	2796.0	0.00883694322675
chrX	105400001	106400001	331286	2859.0	0.00863000549374
chrX	105500001	106500001	338173	2892.0	0.00855183589465
chrX	105600001	106600001	337125	2641.0	0.00783388950686
chrX	105700001	106700001	332304	2450.0	0.00737276710482
chrX	105800001	106800001	356301	2598.0	0.0072915877306
chrX	105900001	106900001	371107	2644.0	0.00712462982374
chrX	106000001	107000001	377988	2761.0	0.007304464692
chrX	106100001	107100001	384318	2810.0	0.00731165337039
chrX	106200001	107200001	381644	2762.0	0.00723711102493
chrX	106300001	107300001	383460	2755.0	0.00718458248579
chrX	106400001	107400001	405893	2909.0	0.00716691344763
chrX	106500001	107500001	419696	3013.0	0.00717900575655
chrX	106600001	107600001	434131	3206.0	0.00738486770122
chrX	106700001	107700001	453659	3381.0	0.00745273432248
chrX	106800001	107800001	432132	3172.0	0.00734034970796
chrX	106900001	107900001	430189	3163.0	0.00735258223711
chrX	107000001	108000001	423756	3081.0	0.0072706935123
chrX	107100001	108100001	384064	2820.0	0.00734252624563
chrX	107200001	108200001	361874	2722.0	0.00752195515566
chrX	107300001	108300001	348948	2667.0	0.0076429725919
chrX	107400001	108400001	314923	2489.0	0.00790351927297
chrX	107500001	108500001	269874	2195.0	0.00813342522807
chrX	107600001	108600001	250959	2061.0	0.00821249686204
chrX	107700001	108700001	249911	2069.0	0.00827894730524
chrX	107800001	108800001	257094	2162.0	0.00840937555913
chrX	107900001	108900001	257717	2154.0	0.00835800509862
chrX	108000001	109000001	264026	2273.0	0.00860900062873
chrX	108100001	109100001	299389	2555.0	0.0085340476771
chrX	108200001	109200001	321171	2668.0	0.00830710120154
chrX	108300001	109300001	348345	2883.0	0.00827627782802
chrX	108400001	109400001	365330	2989.0	0.0081816439931
chrX	108500001	109500001	410803	3262.0	0.00794054571169
chrX	108600001	109600001	432605	3322.0	0.00767906057489
chrX	108700001	109700001	429207	3259.0	0.00759307280636
chrX	108800001	109800001	431022	3272.0	0.00759125984289
chrX	108900001	109900001	408108	3145.0	0.00770629343213
chrX	109000001	110000001	410518	3146.0	0.0076634885681
chrX	109100001	110100001	402695	3048.0	0.00756900383665
chrX	109200001	110200001	402277	3065.0	0.00761912811322
chrX	109300001	110300001	394044	2954.0	0.00749662474241
chrX	109400001	110400001	421145	3056.0	0.00725640812547
chrX	109500001	110500001	421572	3078.0	0.00730124391563
chrX	109600001	110600001	425994	3084.0	0.00723953858505
chrX	109700001	110700001	430134	3107.0	0.00722333040401
chrX	109800001	110800001	436842	3105.0	0.00710783303803
chrX	109900001	110900001	450675	3190.0	0.00707827148167
chrX	110000001	111000001	440500	3049.0	0.00692167990919
chrX	110100001	111100001	446627	3077.0	0.00688941779158
chrX	110200001	111200001	461893	3256.0	0.00704925166651
chrX	110300001	111300001	454316	3263.0	0.00718222558748
chrX	110400001	111400001	432035	3285.0	0.00760355063826
chrX	110500001	111500001	418736	3298.0	0.00787608421535
chrX	110600001	111600001	406972	3392.0	0.00833472573052
chrX	110700001	111700001	394592	3352.0	0.0084948503771
chrX	110800001	111800001	383212	3422.0	0.00892978299218
chrX	110900001	111900001	381483	3491.0	0.00915112862172
chrX	111000001	112000001	381922	3559.0	0.00931865668906
chrX	111100001	112100001	408327	3664.0	0.00897320040066
chrX	111200001	112200001	407812	3682.0	0.00902867007347
chrX	111300001	112300001	410576	3643.0	0.0088729005105
chrX	111400001	112400001	390974	3509.0	0.00897502135692
chrX	111500001	112500001	368204	3283.0	0.00891625294674
chrX	111600001	112600001	351283	3062.0	0.00871661879453
chrX	111700001	112700001	333748	2890.0	0.00865922792047
chrX	111800001	112800001	338054	2818.0	0.0083359463281
chrX	111900001	112900001	335751	2821.0	0.00840205985984
chrX	112000001	113000001	321023	2833.0	0.00882491285671
chrX	112100001	113100001	287930	2947.0	0.0102351265933
chrX	112200001	113200001	272321	2855.0	0.0104839509256
chrX	112300001	113300001	263454	2854.0	0.0108330106964
chrX	112400001	113400001	279650	2948.0	0.0105417486143
chrX	112500001	113500001	286252	2956.0	0.0103265654039
chrX	112600001	113600001	275418	2870.0	0.0104205244392
chrX	112700001	113700001	290035	3094.0	0.0106676780389
chrX	112800001	113800001	293076	3154.0	0.0107617136852
chrX	112900001	113900001	326375	3425.0	0.0104940635772
chrX	113000001	114000001	347259	3500.0	0.0100789324395
chrX	113100001	114100001	349159	3373.0	0.0096603553109
chrX	113200001	114200001	339016	3162.0	0.00932699341624
chrX	113300001	114300001	354192	3261.0	0.00920687084971
chrX	113400001	114400001	353767	3157.0	0.00892395277117
chrX	113500001	114500001	358836	3213.0	0.00895395110858
chrX	113600001	114600001	387529	3442.0	0.00888191593403
chrX	113700001	114700001	406651	3498.0	0.00860197073166
chrX	113800001	114800001	412161	3489.0	0.00846513862301
chrX	113900001	114900001	406986	3347.0	0.00822387010855
chrX	114000001	115000001	414303	3910.0	0.00943753726138
chrX	114100001	115100001	420680	4654.0	0.0110630407911
chrX	114200001	115200001	414455	4652.0	0.0112243790038
chrX	114300001	115300001	390481	4468.0	0.0114422980888
chrX	114400001	115400001	381080	4467.0	0.0117219481474
chrX	114500001	115500001	376245	4492.0	0.0119390290901
chrX	114600001	115600001	375322	4451.0	0.0118591502763
chrX	114700001	115700001	335200	4164.0	0.0124224343675
chrX	114800001	115800001	306499	3961.0	0.0129233700599
chrX	114900001	115900001	272125	3788.0	0.0139200734956
chrX	115000001	116000001	230757	2915.0	0.0126323361805
chrX	115100001	116100001	208477	2030.0	0.00973728516815
chrX	115200001	116200001	220826	2198.0	0.00995353807976
chrX	115300001	116300001	226887	2316.0	0.0102077245501
chrX	115400001	116400001	220785	2283.0	0.0103403763843
chrX	115500001	116500001	214999	2202.0	0.0102419081019
chrX	115600001	116600001	206268	2168.0	0.010510597863
chrX	115700001	116700001	228885	2393.0	0.010455032003
chrX	115800001	116800001	243634	2562.0	0.0105157736605
chrX	115900001	116900001	259373	2679.0	0.0103287543422
chrX	116000001	117000001	281420	2881.0	0.0102373676356
chrX	116100001	117100001	305702	3079.0	0.0100719000857
chrX	116200001	117200001	318561	3177.0	0.0099729722094
chrX	116300001	117300001	333420	3193.0	0.00957651010737
chrX	116400001	117400001	357342	3344.0	0.00935798198924
chrX	116500001	117500001	372303	3418.0	0.00918069421949
chrX	116600001	117600001	374019	3345.0	0.00894339592374
chrX	116700001	117700001	389436	3366.0	0.00864326872708
chrX	116800001	117800001	419266	3511.0	0.00837415864869
chrX	116900001	117900001	419606	3432.0	0.00817910134745
chrX	117000001	118000001	421006	3394.0	0.00806164282694
chrX	117100001	118100001	401450	3173.0	0.00790384854901
chrX	117200001	118200001	405861	3085.0	0.00760112452293
chrX	117300001	118300001	419948	3249.0	0.00773667215941
chrX	117400001	118400001	426870	3348.0	0.0078431372549
chrX	117500001	118500001	411564	3241.0	0.00787483842124
chrX	117600001	118600001	398358	3196.0	0.00802293414466
chrX	117700001	118700001	372520	3051.0	0.00819016428648
chrX	117800001	118800001	358888	2913.0	0.00811673836963
chrX	117900001	118900001	349711	2833.0	0.00810097480491
chrX	118000001	119000001	337197	3048.0	0.00903922632764
chrX	118100001	119100001	339661	3054.0	0.00899131781394
chrX	118200001	119200001	333531	3089.0	0.0092615079258
chrX	118300001	119300001	311785	2901.0	0.00930448867008
chrX	118400001	119400001	301530	2753.0	0.00913010314065
chrX	118500001	119500001	324523	2906.0	0.00895468117822
chrX	118600001	119600001	342991	3075.0	0.00896524981705
chrX	118700001	119700001	355893	3115.0	0.00875263070642
chrX	118800001	119800001	346388	3060.0	0.00883402427336
chrX	118900001	119900001	346592	3148.0	0.00908272551011
chrX	119000001	120000001	350714	2909.0	0.00829450777557
chrX	119100001	120100001	356384	3341.0	0.00937471940379
chrX	119200001	120200001	356137	3422.0	0.00960866183519
chrX	119300001	120300001	355551	3358.0	0.00944449600761
chrX	119400001	120400001	347750	3248.0	0.00934004313444
chrX	119500001	120500001	338203	3221.0	0.00952386584389
chrX	119600001	120600001	321313	3119.0	0.00970704577779
chrX	119700001	120700001	314499	3174.0	0.0100922419467
chrX	119800001	120800001	312364	3216.0	0.0102956806802
chrX	119900001	120900001	310217	3211.0	0.0103508189429
chrX	120000001	121000001	291946	3057.0	0.0104711145212
chrX	120100001	121100001	280940	2659.0	0.0094646543746
chrX	120200001	121200001	265463	2479.0	0.00933840120845
chrX	120300001	121300001	256383	2486.0	0.00969643073059
chrX	120400001	121400001	249100	2555.0	0.0102569249297
chrX	120500001	121500001	229710	2423.0	0.0105480823647
chrX	120600001	121600001	225741	2496.0	0.0110569192127
chrX	120700001	121700001	222196	2536.0	0.0114133467749
chrX	120800001	121800001	217845	2567.0	0.0117836076109
chrX	120900001	121900001	216061	2535.0	0.0117327976821
chrX	121000001	122000001	234005	2751.0	0.0117561590564
chrX	121100001	122100001	241165	2775.0	0.0115066448282
chrX	121200001	122200001	256715	2875.0	0.011199189763
chrX	121300001	122300001	269424	3021.0	0.0112128095493
chrX	121400001	122400001	315861	3356.0	0.0106249267874
chrX	121500001	122500001	361672	3685.0	0.0101887898427
chrX	121600001	122600001	398968	3761.0	0.00942682119869
chrX	121700001	122700001	414360	3717.0	0.00897046046916
chrX	121800001	122800001	430565	3708.0	0.00861194012518
chrX	121900001	122900001	440878	3689.0	0.00836739415439
chrX	122000001	123000001	429665	3524.0	0.00820173856376
chrX	122100001	123100001	428344	3460.0	0.00807761985694
chrX	122200001	123200001	432664	3430.0	0.00792762975427
chrX	122300001	123300001	425832	3226.0	0.00757575757576
chrX	122400001	123400001	394145	3025.0	0.00767484047749
chrX	122500001	123500001	368961	2830.0	0.00767018736398
chrX	122600001	123600001	368159	3075.0	0.00835236949253
chrX	122700001	123700001	388430	3472.0	0.00893854748603
chrX	122800001	123800001	394453	3611.0	0.00915444932603
chrX	122900001	123900001	412668	3925.0	0.00951127783109
chrX	123000001	124000001	448164	4159.0	0.0092800849689
chrX	123100001	124100001	470623	4343.0	0.00922819326722
chrX	123200001	124200001	478967	4502.0	0.00939939494788
chrX	123300001	124300001	512568	4856.0	0.00947386493109
chrX	123400001	124400001	532650	4921.0	0.00923871209988
chrX	123500001	124500001	527080	4887.0	0.00927183729225
chrX	123600001	124600001	505340	4536.0	0.00897613487949
chrX	123700001	124700001	466122	4028.0	0.0086415144533
chrX	123800001	124800001	433759	3737.0	0.00861538319666
chrX	123900001	124900001	406256	3412.0	0.00839864518924
chrX	124000001	125000001	376168	3301.0	0.00877533442504
chrX	124100001	125100001	340998	3046.0	0.00893260371029
chrX	124200001	125200001	306354	2767.0	0.00903203483552
chrX	124300001	125300001	265627	2405.0	0.00905404947539
chrX	124400001	125400001	244947	2303.0	0.00940203390938
chrX	124500001	125500001	250802	2347.0	0.00935797960144
chrX	124600001	125600001	238144	2276.0	0.0095572426767
chrX	124700001	125700001	243999	2351.0	0.00963528539051
chrX	124800001	125800001	259561	2456.0	0.00946213028922
chrX	124900001	125900001	275965	2649.0	0.00959904335695
chrX	125000001	126000001	283049	2704.0	0.00955311624489
chrX	125100001	126100001	282387	2721.0	0.00963571269216
chrX	125200001	126200001	289559	2782.0	0.00960771379926
chrX	125300001	126300001	288392	2815.0	0.00976101972315
chrX	125400001	126400001	272408	2648.0	0.00972071304807
chrX	125500001	126500001	269213	2618.0	0.00972464182636
chrX	125600001	126600001	273719	2681.0	0.00979471647931
chrX	125700001	126700001	267008	2659.0	0.00995850311601
chrX	125800001	126800001	267309	2834.0	0.0106019625228
chrX	125900001	126900001	252736	2704.0	0.0106989111167
chrX	126000001	127000001	239953	2564.0	0.0106854258959
chrX	126100001	127100001	243117	2550.0	0.0104887770086
chrX	126200001	127200001	231709	2408.0	0.0103923455714
chrX	126300001	127300001	222107	2254.0	0.0101482618738
chrX	126400001	127400001	219433	2234.0	0.0101807841118
chrX	126500001	127500001	226702	2210.0	0.00974848038394
chrX	126600001	127600001	236032	2187.0	0.00926569278742
chrX	126700001	127700001	238289	2184.0	0.00916534124529
chrX	126800001	127800001	258950	2194.0	0.00847267812319
chrX	126900001	127900001	270872	2306.0	0.00851324610886
chrX	127000001	128000001	290527	2451.0	0.00843639317516
chrX	127100001	128100001	320486	2731.0	0.00852143307352
chrX	127200001	128200001	347235	3022.0	0.00870303972814
chrX	127300001	128300001	390215	3471.0	0.00889509629307
chrX	127400001	128400001	405664	3707.0	0.00913810444111
chrX	127500001	128500001	386836	3681.0	0.00951566038321
chrX	127600001	128600001	378471	3615.0	0.00955159047853
chrX	127700001	128700001	401339	3684.0	0.00917927238569
chrX	127800001	128800001	401883	3722.0	0.00926140195032
chrX	127900001	128900001	399721	3647.0	0.00912386389507
chrX	128000001	129000001	405434	3607.0	0.00889663915705
chrX	128100001	129100001	392483	3463.0	0.0088233120925
chrX	128200001	129200001	386511	3291.0	0.00851463477107
chrX	128300001	129300001	379047	3102.0	0.00818368170702
chrX	128400001	129400001	385784	2999.0	0.0077737801464
chrX	128500001	129500001	393672	2977.0	0.00756213294316
chrX	128600001	129600001	407807	3132.0	0.00768010357841
chrX	128700001	129700001	397503	3145.0	0.00791188997316
chrX	128800001	129800001	384942	3009.0	0.0078167620057
chrX	128900001	129900001	398867	3020.0	0.00757144612114
chrX	129000001	130000001	403509	3062.0	0.0075884304935
chrX	129100001	130100001	406068	3066.0	0.00755045952895
chrX	129200001	130200001	420102	3154.0	0.00750770051083
chrX	129300001	130300001	398259	3010.0	0.00755789574121
chrX	129400001	130400001	404555	3062.0	0.00756881017414
chrX	129500001	130500001	424327	3187.0	0.00751071697064
chrX	129600001	130600001	413031	3086.0	0.00747159414184
chrX	129700001	130700001	398957	2972.0	0.00744942437406
chrX	129800001	130800001	387380	2889.0	0.00745779338118
chrX	129900001	130900001	374811	2997.0	0.00799602999912
chrX	130000001	131000001	372922	2998.0	0.0080392146347
chrX	130100001	131100001	352248	2835.0	0.0080483068747
chrX	130200001	131200001	362076	2910.0	0.00803698670997
chrX	130300001	131300001	381538	3020.0	0.00791533215564
chrX	130400001	131400001	370082	2896.0	0.00782529277295
chrX	130500001	131500001	346303	2721.0	0.00785728105156
chrX	130600001	131600001	386640	2853.0	0.00737895716946
chrX	130700001	131700001	416830	3010.0	0.00722116930163
chrX	130800001	131800001	441591	3253.0	0.00736654506093
chrX	130900001	131900001	469540	3411.0	0.00726455680027
chrX	131000001	132000001	479055	3492.0	0.0072893509096
chrX	131100001	132100001	500890	3706.0	0.00739883008245
chrX	131200001	132200001	483563	3613.0	0.00747162210508
chrX	131300001	132300001	476495	3587.0	0.00752788591696
chrX	131400001	132400001	489855	3670.0	0.00749201294261
chrX	131500001	132500001	531671	3946.0	0.00742188308183
chrX	131600001	132600001	509393	3926.0	0.00770721230955
chrX	131700001	132700001	501604	3890.0	0.00775512157
chrX	131800001	132800001	499444	3716.0	0.00744027358423
chrX	131900001	132900001	489555	3464.0	0.00707581374922
chrX	132000001	133000001	496471	3449.0	0.00694703215294
chrX	132100001	133100001	518580	3480.0	0.0067106328821
chrX	132200001	133200001	521728	3455.0	0.00662222460746
chrX	132300001	133300001	506341	3363.0	0.00664176908447
chrX	132400001	133400001	496307	3269.0	0.00658664898944
chrX	132500001	133500001	444843	2935.0	0.0065978333929
chrX	132600001	133600001	441211	2863.0	0.00648895879749
chrX	132700001	133700001	439608	2855.0	0.00649442230351
chrX	132800001	133800001	442637	2910.0	0.00657423577333
chrX	132900001	133900001	437704	2913.0	0.00665518249776
chrX	133000001	134000001	417240	2767.0	0.00663167481545
chrX	133100001	134100001	394543	2677.0	0.00678506525271
chrX	133200001	134200001	386223	2609.0	0.00675516476233
chrX	133300001	134300001	410066	2897.0	0.0070647164115
chrX	133400001	134400001	412110	3218.0	0.00780859479265
chrX	133500001	134500001	442667	3487.0	0.00787725310448
chrX	133600001	134600001	437245	3525.0	0.0080618417592
chrX	133700001	134700001	432457	3467.0	0.00801698203521
chrX	133800001	134800001	410403	3560.0	0.00867440052826
chrX	133900001	134900001	389965	4082.0	0.0104676060672
chrX	134000001	135000001	372043	4136.0	0.011116994541
chrX	134100001	135100001	369405	4186.0	0.0113317361703
chrX	134200001	135200001	369867	4343.0	0.0117420586319
chrX	134300001	135300001	383418	4372.0	0.0114026988822
chrX	134400001	135400001	391556	4271.0	0.0109077628743
chrX	134500001	135500001	380055	4135.0	0.0108800042099
chrX	134600001	135600001	390582	4180.0	0.0107019780737
chrX	134700001	135700001	385483	4207.0	0.0109135811437
chrX	134800001	135800001	408339	4158.0	0.0101827158317
chrX	134900001	135900001	421371	3589.0	0.00851743475465
chrX	135000001	136000001	412924	3414.0	0.00826786527303
chrX	135100001	136100001	407404	3352.0	0.00822770517717
chrX	135200001	136200001	415361	3340.0	0.00804119789773
chrX	135300001	136300001	384935	3107.0	0.00807149258966
chrX	135400001	136400001	379301	3080.0	0.0081202000522
chrX	135500001	136500001	377564	3170.0	0.00839592757784
chrX	135600001	136600001	367613	3126.0	0.00850350776496
chrX	135700001	136700001	378906	3200.0	0.00844536639694
chrX	135800001	136800001	364929	3142.0	0.00860989397938
chrX	135900001	136900001	358703	3190.0	0.00889315115848
chrX	136000001	137000001	382654	3341.0	0.00873112524631
chrX	136100001	137100001	397794	3384.0	0.00850691563975
chrX	136200001	137200001	373244	3217.0	0.00861902669567
chrX	136300001	137300001	376034	3347.0	0.00890079088593
chrX	136400001	137400001	372137	3527.0	0.00947769235523
chrX	136500001	137500001	374146	3591.0	0.00959785752086
chrX	136600001	137600001	360119	3597.0	0.00998836495714
chrX	136700001	137700001	344985	3556.0	0.0103076945374
chrX	136800001	137800001	368823	3675.0	0.00996412913511
chrX	136900001	137900001	379961	3804.0	0.0100115538174
chrX	137000001	138000001	392706	4081.0	0.0103919980851
chrX	137100001	138100001	384313	4137.0	0.0107646631782
chrX	137200001	138200001	407064	4336.0	0.0106518876639
chrX	137300001	138300001	428123	4390.0	0.0102540625007
chrX	137400001	138400001	425336	4148.0	0.00975228995429
chrX	137500001	138500001	409178	3914.0	0.00956551916281
chrX	137600001	138600001	420112	3994.0	0.00950698861256
chrX	137700001	138700001	436784	4184.0	0.00957910546174
chrX	137800001	138800001	409019	4017.0	0.00982105965738
chrX	137900001	138900001	415354	3922.0	0.0094425478026
chrX	138000001	139000001	404387	3582.0	0.00885785151353
chrX	138100001	139100001	397203	3563.0	0.00897022429337
chrX	138200001	139200001	390138	3442.0	0.00882251921115
chrX	138300001	139300001	377532	3292.0	0.00871979064026
chrX	138400001	139400001	359660	3136.0	0.00871934604905
chrX	138500001	139500001	367463	3242.0	0.00882265697499
chrX	138600001	139600001	378802	3166.0	0.00835792841643
chrX	138700001	139700001	374419	2992.0	0.00799104746287
chrX	138800001	139800001	369192	3008.0	0.00814752215649
chrX	138900001	139900001	354055	3053.0	0.00862295406081
chrX	139000001	140000001	336947	3123.0	0.00926851997495
chrX	139100001	140100001	348534	3432.0	0.00984695897674
chrX	139200001	140200001	340518	3695.0	0.0108511150659
chrX	139300001	140300001	332279	3789.0	0.0114030679038
chrX	139400001	140400001	339180	3877.0	0.0114305088743
chrX	139500001	140500001	336212	3872.0	0.0115165431335
chrX	139600001	140600001	312614	3859.0	0.0123442968005
chrX	139700001	140700001	295059	4035.0	0.0136752310555
chrX	139800001	140800001	293118	4139.0	0.0141205930717
chrX	139900001	140900001	293804	4405.0	0.014992988523
chrX	140000001	141000001	297722	4505.0	0.0151315656888
chrX	140100001	141100001	286029	4212.0	0.0147257795538
chrX	140200001	141200001	289153	4050.0	0.0140064256639
chrX	140300001	141300001	288536	4117.0	0.0142685834697
chrX	140400001	141400001	288770	4233.0	0.0146587249368
chrX	140500001	141500001	298636	4415.0	0.0147838840595
chrX	140600001	141600001	309876	4504.0	0.0145348461965
chrX	140700001	141700001	328771	4513.0	0.0137268798039
chrX	140800001	141800001	337253	4598.0	0.0136336815388
chrX	140900001	141900001	316023	4120.0	0.0130370257861
chrX	141000001	142000001	320837	4109.0	0.0128071263601
chrX	141100001	142100001	326382	4208.0	0.0128928678665
chrX	141200001	142200001	327463	4221.0	0.0128900058938
chrX	141300001	142300001	326946	4165.0	0.0127391067638
chrX	141400001	142400001	343587	4277.0	0.0124480844735
chrX	141500001	142500001	341532	4258.0	0.012467352986
chrX	141600001	142600001	338407	4221.0	0.0124731462411
chrX	141700001	142700001	324276	4012.0	0.0123721767877
chrX	141800001	142800001	329663	3973.0	0.0120517012828
chrX	141900001	142900001	343072	4091.0	0.0119246105774
chrX	142000001	143000001	334596	3982.0	0.0119009193176
chrX	142100001	143100001	325736	3881.0	0.0119145565734
chrX	142200001	143200001	331168	3984.0	0.0120301478404
chrX	142300001	143300001	336984	4091.0	0.0121400422572
chrX	142400001	143400001	320703	3916.0	0.0122106746741
chrX	142500001	143500001	316571	3757.0	0.0118677958499
chrX	142600001	143600001	301553	3601.0	0.0119415160851
chrX	142700001	143700001	296867	3610.0	0.0121603276888
chrX	142800001	143800001	282570	3592.0	0.0127118943978
chrX	142900001	143900001	269762	3467.0	0.0128520696021
chrX	143000001	144000001	266325	3469.0	0.0130254388435
chrX	143100001	144100001	264388	3407.0	0.0128863639802
chrX	143200001	144200001	255260	3232.0	0.0126615999373
chrX	143300001	144300001	261690	3179.0	0.0121479613283
chrX	143400001	144400001	265070	3193.0	0.0120458746746
chrX	143500001	144500001	268847	3258.0	0.0121184167947
chrX	143600001	144600001	274558	3286.0	0.0119683272751
chrX	143700001	144700001	278529	3268.0	0.011733069088
chrX	143800001	144800001	279883	3234.0	0.0115548282675
chrX	143900001	144900001	303825	3602.0	0.0118555089278
chrX	144000001	145000001	329366	3839.0	0.0116557264563
chrX	144100001	145100001	337059	3955.0	0.0117338507502
chrX	144200001	145200001	340741	4107.0	0.012053143003
chrX	144300001	145300001	338536	4113.0	0.0121493725926
chrX	144400001	145400001	337724	4159.0	0.0123147895915
chrX	144500001	145500001	341736	4283.0	0.0125330664607
chrX	144600001	145600001	341916	4310.0	0.0126054352531
chrX	144700001	145700001	344108	4376.0	0.0127169377056
chrX	144800001	145800001	338626	4251.0	0.0125536727835
chrX	144900001	145900001	325279	4090.0	0.0125738212427
chrX	145000001	146000001	310409	3945.0	0.0127090387199
chrX	145100001	146100001	304899	3832.0	0.0125680963204
chrX	145200001	146200001	299446	3732.0	0.0124630150344
chrX	145300001	146300001	283383	3709.0	0.0130882939344
chrX	145400001	146400001	288780	3820.0	0.0132280628852
chrX	145500001	146500001	287922	3850.0	0.0133716770514
chrX	145600001	146600001	296542	3991.0	0.0134584645683
chrX	145700001	146700001	304592	4198.0	0.0137823711719
chrX	145800001	146800001	308501	4389.0	0.0142268582598
chrX	145900001	146900001	323367	4457.0	0.0137831009349
chrX	146000001	147000001	321429	4352.0	0.0135395375028
chrX	146100001	147100001	344541	4412.0	0.0128054426033
chrX	146200001	147200001	347522	4296.0	0.01236180731
chrX	146300001	147300001	365510	4299.0	0.0117616481081
chrX	146400001	147400001	368358	4187.0	0.0113666596083
chrX	146500001	147500001	355742	3888.0	0.0109292689646
chrX	146600001	147600001	365926	3921.0	0.0107152812317
chrX	146700001	147700001	392565	3936.0	0.0100263650606
chrX	146800001	147800001	427964	3974.0	0.00928582777991
chrX	146900001	147900001	443623	4065.0	0.00916318585826
chrX	147000001	148000001	475944	4342.0	0.00912292202444
chrX	147100001	148100001	496290	4574.0	0.00921638558101
chrX	147200001	148200001	493097	4553.0	0.00923347738883
chrX	147300001	148300001	480769	4336.0	0.00901888432906
chrX	147400001	148400001	483804	4340.0	0.00897057486089
chrX	147500001	148500001	490720	4405.0	0.00897660580372
chrX	147600001	148600001	485913	4310.0	0.00886990057891
chrX	147700001	148700001	457235	4166.0	0.00911128850591
chrX	147800001	148800001	431349	4141.0	0.0096001149881
chrX	147900001	148900001	410002	4251.0	0.0103682421061
chrX	148000001	149000001	350837	3727.0	0.0106231668838
chrX	148100001	149100001	296041	3310.0	0.0111808837289
chrX	148200001	149200001	309086	3409.0	0.0110292928182
chrX	148300001	149300001	320031	3473.0	0.0108520737054
chrX	148400001	149400001	328776	3561.0	0.0108310825608
chrX	148500001	149500001	345341	3736.0	0.0108182926441
chrX	148600001	149600001	350398	3864.0	0.0110274602024
chrX	148700001	149700001	365039	3872.0	0.0106070858182
chrX	148800001	149800001	374281	3883.0	0.0103745581528
chrX	148900001	149900001	380282	3609.0	0.00949032560048
chrX	149000001	150000001	416494	4011.0	0.00963039083396
chrX	149100001	150100001	432071	4088.0	0.00946140796304
chrX	149200001	150200001	426001	4093.0	0.00960795866676
chrX	149300001	150300001	401038	4009.0	0.00999655892958
chrX	149400001	150400001	377797	3855.0	0.0102038925666
chrX	149500001	150500001	372706	3849.0	0.0103271747705
chrX	149600001	150600001	366459	3690.0	0.0100693392712
chrX	149700001	150700001	339461	3482.0	0.010257437526
chrX	149800001	150800001	329659	3379.0	0.0102499855912
chrX	149900001	150900001	337159	3544.0	0.0105113611086
chrX	150000001	151000001	343477	3669.0	0.0106819379464
chrX	150100001	151100001	342934	3788.0	0.0110458572203
chrX	150200001	151200001	335818	3766.0	0.0112144078042
chrX	150300001	151300001	346057	3840.0	0.0110964378701
chrX	150400001	151400001	351598	3830.0	0.0108931222589
chrX	150500001	151500001	332486	3633.0	0.0109267758642
chrX	150600001	151600001	326240	3592.0	0.0110102991663
chrX	150700001	151700001	316766	3484.0	0.0109986551587
chrX	150800001	151800001	309378	3372.0	0.0108992882493
chrX	150900001	151900001	307509	3666.0	0.0119216022946
chrX	151000001	152000001	306815	4213.0	0.013731401659
chrX	151100001	152100001	325320	4365.0	0.0134175580966
chrX	151200001	152200001	329324	4569.0	0.0138738749681
chrX	151300001	152300001	332004	4809.0	0.0144847652438
chrX	151400001	152400001	320090	4744.0	0.0148208316411
chrX	151500001	152500001	346903	5067.0	0.0146063885294
chrX	151600001	152600001	360909	5326.0	0.0147571825585
chrX	151700001	152700001	384264	5601.0	0.0145759165574
chrX	151800001	152800001	415117	6264.0	0.0150897216929
chrX	151900001	152900001	412922	5896.0	0.0142787257642
chrX	152000001	153000001	405890	5216.0	0.0128507723768
chrX	152100001	153100001	400279	5212.0	0.0130209179098
chrX	152200001	153200001	415530	5063.0	0.01218443915
chrX	152300001	153300001	442181	5031.0	0.0113776937498
chrX	152400001	153400001	456337	5046.0	0.0110576175064
chrX	152500001	153500001	457738	4977.0	0.0108730321712
chrX	152600001	153600001	453896	4908.0	0.0108130496854
chrX	152700001	153700001	463719	5004.0	0.0107910178362
chrX	152800001	153800001	439598	4451.0	0.0101251598051
chrX	152900001	153900001	434155	4400.0	0.0101346293374
chrX	153000001	154000001	432586	4235.0	0.00978996084016
chrX	153100001	154100001	419995	3971.0	0.00945487446279
chrX	153200001	154200001	398208	3745.0	0.00940463275474
chrX	153300001	154300001	377202	3492.0	0.00925763914295
chrX	153400001	154400001	369590	3437.0	0.00929949403393
chrX	153500001	154500001	354876	3224.0	0.00908486344526
chrX	153600001	154600001	337636	2911.0	0.00862171095499
chrX	153700001	154700001	306549	2569.0	0.00838038943203
chrX	153800001	154800001	288648	2301.0	0.0079716471273
chrX	153900001	154900001	255354	1940.0	0.00759729630239
chrX	154000001	155000001	237276	1818.0	0.00766196328327
chrX	154100001	155100001	225943	1714.0	0.00758598407563
chrX	154200001	155200001	220294	1703.0	0.00773057822728
